# timestamp workers_connected workers_init workers_idle workers_busy workers_able workers_joined workers_removed workers_released workers_idled_out workers_blocked workers_slow workers_lost tasks_waiting tasks_on_workers tasks_running tasks_with_results tasks_submitted tasks_dispatched tasks_done tasks_failed tasks_cancelled tasks_exhausted_attempts time_send time_receive time_send_good time_receive_good time_status_msgs time_internal time_polling time_application time_scheduling time_execute time_execute_good time_execute_exhaustion bytes_sent bytes_received bandwidth capacity_tasks capacity_cores capacity_memory capacity_disk capacity_instantaneous capacity_weighted manager_load total_cores total_memory total_disk committed_cores committed_memory committed_disk max_cores max_memory max_disk min_cores min_memory min_disk
1690507838407727 0 0 0 0 0 0 0 0 0 0 0 0 0 0 0 0 0 0 0 0 0 0 0 0 0 0 0 0 0 0 0 0 0 0 0 0 1.000000 0 0 0 0 0 0 0.000000 0 0 0 0 0 0 0 0 0 0 0 0
1690507838411515 0 0 0 0 0 0 0 0 0 0 0 0 0 0 0 0 0 0 0 0 0 0 0 0 0 0 0 0 0 0 0 0 0 0 0 0 1.000000 10 10 5120 10240 10 10 0.000000 0 0 0 0 0 0 0 0 0 0 0 0
1690507865028155 1 0 0 1 1 1 0 0 0 0 0 0 99 1 0 0 100 0 0 0 0 0 1482 100 0 0 362 11464 26595804 7046 9 0 0 0 0 0 1.000000 10 10 5120 10240 10 10 0.478264 12 31924 423422 0 0 0 12 31924 423422 0 0 0
1690507866460781 88 0 8 80 81 88 0 0 0 0 0 0 20 80 79 0 100 79 0 0 0 0 848742 455 0 0 30249 16838 27145143 7046 2457 0 0 0 0 0 1.000000 10 10 5120 10240 10 10 0.481817 960 3627062 50584116 948 3595138 50160576 12 176715 3735307 0 0 0
1690507868649859 100 0 0 100 100 100 0 0 0 0 0 0 0 100 100 0 100 100 0 0 0 0 1020439 499 0 0 36895 17089 29155763 7046 3364 0 0 0 0 0 0.000000 10 10 5120 10240 10 10 0.422154 1200 4619653 59036496 1200 4619653 59036496 12 176715 3735307 0 0 0
1690507873030257 100 0 0 100 100 100 0 0 0 0 0 0 0 100 100 1 100 100 0 0 0 0 1020443 505 0 0 36968 17123 33535272 7521 3364 7990966 0 0 0 0 0.000000 10 10 5120 10240 10 10 0.452671 1200 4619653 59036496 1200 4619653 59036496 12 176715 3735307 0 0 0
1690507873030526 100 0 1 99 100 100 0 0 0 0 0 0 0 99 99 0 100 100 1 0 0 0 1020443 970 0 21 36972 17128 33535272 7521 3364 7990966 7990966 0 0 0 0.000000 10 10 5120 10240 10 10 0.506697 1200 4619653 59036496 1188 4587729 58613074 12 176715 3735307 0 0 0
1690507873030633 100 0 1 99 100 100 0 0 0 0 0 0 0 99 99 0 100 100 1 0 0 0 1020443 970 0 21 36972 17163 33535272 7547 3364 7990966 7990966 0 0 0 0.000000 697 8364 22251028 295125134 697 45 0.506697 1200 4619653 59036496 1188 4587729 58613074 12 176715 3735307 0 0 0
1690507873208763 100 0 2 98 100 100 0 0 0 0 0 0 0 98 98 0 100 100 2 0 0 0 1020445 1299 0 39 37045 17193 33712698 7766 3364 16152621 16152621 0 0 0 0.000000 697 8364 22251028 295125134 697 109 0.551188 1200 4619653 59036496 1176 4555805 58189639 12 176715 3735307 0 0 0
1690507873789274 100 0 3 97 100 100 0 0 0 0 0 0 0 97 97 0 100 100 3 0 0 0 1020446 2101 0 77 37085 17220 34292262 7793 3364 24822591 24822591 0 0 0 0.000000 797 9564 25443428 337472515 926 189 0.583893 1200 4619653 59036496 1164 4523881 57766020 12 176715 3735307 0 0 0
1690507873923361 100 0 4 96 100 100 0 0 0 0 0 0 0 96 96 0 100 100 4 0 0 0 1020448 2439 0 93 37176 17250 34425799 7831 3364 33638096 33638096 0 0 0 0.000000 939 11268 29976636 397658988 1410 309 0.607934 1200 4619653 59036496 1152 4491957 57342470 12 176715 3735307 0 0 0
1690507873944459 100 0 5 95 100 100 0 0 0 0 0 0 0 95 95 0 100 100 5 0 0 0 1020450 2708 0 109 37214 17276 34446478 7865 3364 42178971 42178971 0 0 0 0.000000 1061 12732 33871364 449340397 1667 442 0.625606 1200 4619653 59036496 1140 4460033 56920589 12 176715 3735307 0 0 0
1690507874061066 100 0 6 94 100 100 0 0 0 0 0 0 0 94 94 0 100 100 6 0 0 0 1020452 106404 0 134 37254 17304 34459233 7893 3364 50952885 50952885 0 0 0 0.000000 914 10968 29178536 386787800 591 458 0.638597 1200 4619653 59036496 1128 4428109 56499293 12 176715 3735307 0 0 0
1690507874062134 100 0 8 92 100 100 0 0 0 0 0 0 0 92 92 0 100 100 8 0 0 0 1020453 107294 0 173 37292 17337 34459257 7917 3364 67694201 67694201 0 0 0 0.000000 228 2736 7278672 96370552 82 405 0.686836 1200 4619653 59036496 1104 4301141 52342444 12 176715 3735307 0 0 0
1690507874062245 100 0 8 92 100 100 0 0 0 0 0 0 0 92 92 0 100 100 8 0 0 0 1020453 107294 0 173 37292 17361 34459257 7942 3364 67694201 67694201 0 0 0 0.000000 143 1716 5693402 119656180 39 387 0.686836 1200 4619653 59036496 1104 4301141 52342444 12 176715 3735307 0 0 0
1690507874115414 100 0 9 91 100 100 0 0 0 0 0 0 0 91 91 0 100 100 9 0 0 0 1020454 107615 0 190 37360 17387 34511945 7962 3364 76768297 76768297 0 0 0 0.000000 143 1716 5693402 119656180 39 354 0.683606 1200 4619653 59036496 1092 4269217 51921010 12 176715 3735307 0 0 0
1690507874146627 100 0 10 90 100 100 0 0 0 0 0 0 0 90 90 0 100 100 10 0 0 0 1020456 107923 0 208 37465 17415 34542634 7998 3364 85818689 85818689 0 0 0 0.000000 159 1908 6191036 125706920 1082 426 0.681233 1200 4619653 59036496 1080 4237293 51498934 12 176715 3735307 0 0 0
1690507874283812 100 0 11 89 100 100 0 0 0 0 0 0 0 89 89 0 100 100 11 0 0 0 1020458 108218 0 226 37503 17442 34679399 8009 3364 94689982 94689982 0 0 0 0.000000 177 2124 6767772 133414848 2449 625 0.679488 1200 4619653 59036496 1068 4205369 51075443 12 176715 3735307 0 0 0
1690507874324095 100 0 12 88 100 100 0 0 0 0 0 0 0 88 88 0 100 100 12 0 0 0 1020459 108541 0 242 37577 17471 34719187 8021 3364 103942811 103942811 0 0 0 0.000000 187 2244 7042828 135337901 407 605 0.678205 1200 4619653 59036496 1056 4173445 50654002 12 176715 3735307 0 0 0
1690507874354488 100 0 13 87 100 100 0 0 0 0 0 0 0 87 87 0 100 100 13 0 0 0 1020461 108888 0 261 37620 17499 34749082 8056 3364 113124313 113124313 0 0 0 0.000000 203 2436 7548352 141803857 2264 767 0.677262 1200 4619653 59036496 1044 4141521 50467177 12 176715 3735307 0 0 0
1690507874393815 100 0 14 86 100 100 0 0 0 0 0 0 0 86 86 0 100 100 14 0 0 0 1020462 109172 0 279 37660 17528 34787984 8082 3364 121742778 121742778 0 0 0 0.000000 219 2628 8054686 144360067 2334 921 0.676569 1200 4619653 59036496 1032 4012988 49574152 12 176715 3735307 0 0 0
1690507874578888 100 0 15 85 100 100 0 0 0 0 0 0 0 85 85 0 100 100 15 0 0 0 1020464 109509 0 298 37704 17567 34972576 8093 3364 130915867 130915867 0 0 0 0.000000 174 2088 7539980 117603419 47 837 0.676059 1200 4619653 59036496 1020 3981064 49151742 12 176715 3735307 0 0 0
1690507874620765 100 0 16 84 100 100 0 0 0 0 0 0 0 84 84 0 100 100 16 0 0 0 1020465 109869 0 316 37767 17597 35013895 8147 3364 140460523 140460523 0 0 0 0.000000 182 2184 7748214 119935016 518 807 0.675685 1200 4619653 59036496 1008 3949140 48729672 12 176715 3735307 0 0 0
1690507874640177 100 0 17 83 100 100 0 0 0 0 0 0 0 83 83 0 100 100 17 0 0 0 1020466 110182 0 334 37827 17641 35032798 8176 3364 150014988 150014988 0 0 0 0.000000 194 2328 8129971 124970241 1800 905 0.675409 1200 4619653 59036496 996 3917216 48306781 12 176715 3735307 0 0 0
1690507874666715 100 0 18 82 100 100 0 0 0 0 0 0 0 82 82 0 100 100 18 0 0 0 1020469 110624 0 353 37905 17669 35058696 8214 3364 158910431 158910431 0 0 0 0.000000 206 2472 8511884 130018900 2479 1059 0.675207 1200 4619653 59036496 984 3822172 44572079 12 176715 3735307 0 0 0
1690507874695205 100 0 19 81 100 100 0 0 0 0 0 0 0 81 81 0 100 100 19 0 0 0 1020470 110964 0 370 37949 17701 35086708 8226 3364 167085452 167085452 0 0 0 0.000000 197 2364 8727987 158305009 114 968 0.675058 1200 4619653 59036496 972 3758056 44150338 12 176715 3735307 0 0 0
1690507874842369 100 0 20 80 100 100 0 0 0 0 0 0 0 80 80 0 100 100 20 0 0 0 1020472 111329 0 389 37993 17731 35233354 8255 3364 176747375 176747375 0 0 0 0.000000 206 2472 9341526 161397292 1341 1005 0.674949 1200 4619653 59036496 960 3726132 43727681 12 176715 3735307 0 0 0
1690507874846712 100 0 21 79 100 100 0 0 0 0 0 0 0 79 79 0 100 100 21 0 0 0 1020472 111647 0 406 38064 17762 35237206 8267 3364 186178078 186178078 0 0 0 0.000000 217 2604 9694703 166100643 2315 1134 0.674869 1200 4619653 59036496 948 3694208 43304642 12 176715 3735307 0 0 0
1690507874892468 100 0 22 78 100 100 0 0 0 0 0 0 0 78 78 0 100 100 22 0 0 0 1020473 112045 0 427 38109 17814 35282384 8298 3364 195005569 195005569 0 0 0 0.000000 221 2652 9739207 165559035 369 1060 0.674809 1200 4619653 59036496 936 3630116 42884690 12 176715 3735307 0 0 0
1690507874893827 100 0 23 77 100 100 0 0 0 0 0 0 0 77 77 0 100 100 23 0 0 0 1020474 112453 0 446 38181 17844 35283137 8321 3364 204662311 204662311 0 0 0 0.000000 148 1776 6656886 108657604 19 959 0.674766 1200 4619653 59036496 924 3598192 42462286 12 176715 3735307 0 0 0
1690507874912560 100 0 24 76 100 100 0 0 0 0 0 0 0 76 76 0 100 100 24 0 0 0 1020477 112747 0 464 38224 17879 35301430 8333 3364 214197642 214197642 0 0 0 0.000000 155 1860 6883759 111695764 2631 1123 0.674734 1200 4619653 59036496 912 3566268 42038728 12 176715 3735307 0 0 0
1690507874913320 100 0 25 75 100 100 0 0 0 0 0 0 0 75 75 0 100 100 25 0 0 0 1020480 113062 0 481 38259 17908 35301731 8363 3364 223345959 223345959 0 0 0 0.000000 162 1944 7110349 114734934 2459 1254 0.674711 1200 4619653 59036496 900 3534344 41616007 12 176715 3735307 0 0 0
1690507875284420 100 0 26 74 100 100 0 0 0 0 0 0 0 74 74 0 100 100 26 0 0 0 1020481 113558 0 499 38335 17953 35672123 8400 3364 232856610 232856610 0 0 0 0.000000 139 1668 6034319 96857919 33 1135 0.674693 1200 4619653 59036496 888 3502420 41192642 12 176715 3735307 0 0 0
1690507875309732 100 0 27 73 100 100 0 0 0 0 0 0 0 73 73 0 100 100 27 0 0 0 1020481 113846 0 517 38391 17981 35696980 8433 3364 242291471 242291471 0 0 0 0.000000 123 1476 5285372 84415156 33 1028 0.674681 1200 4619653 59036496 876 3470496 40768923 12 176715 3735307 0 0 0
1690507875342879 100 0 28 72 100 100 0 0 0 0 0 0 0 72 72 0 100 100 28 0 0 0 1020482 114144 0 535 38435 18010 35729697 8445 3364 252226842 252226842 0 0 0 0.000000 106 1272 4511506 71717139 24 931 0.674671 1200 4619653 59036496 864 3438572 40347128 12 176715 3735307 0 0 0
1690507875417540 100 0 29 71 100 100 0 0 0 0 0 0 0 71 71 0 100 100 29 0 0 0 1020483 114517 0 552 38528 18042 35803781 8477 3364 261883619 261883619 0 0 0 0.000000 109 1308 4597780 72755040 523 892 0.674665 1200 4619653 59036496 852 3406648 39925275 12 176715 3735307 0 0 0
1690507875561620 100 0 30 70 100 100 0 0 0 0 0 0 0 70 70 0 100 100 30 0 0 0 1020484 114839 0 570 38572 18084 35947375 8508 3364 270941214 270941214 0 0 0 0.000000 101 1212 4224604 66559770 35 810 0.674659 1200 4619653 59036496 840 3374724 39502244 12 176715 3735307 0 0 0
1690507875882715 100 0 31 69 100 100 0 0 0 0 0 0 0 69 69 0 100 100 31 0 0 0 1020486 115307 0 606 38650 18114 36267820 8520 3364 280180533 280180533 0 0 0 0.000000 104 1248 4315754 67718741 364 767 0.674656 1200 4619653 59036496 828 3310608 39078746 12 176715 3735307 0 0 0
1690507875889765 100 0 32 68 100 100 0 0 0 0 0 0 0 68 68 0 100 100 32 0 0 0 1020488 115625 0 624 38710 18144 36274399 8533 3364 289539156 289539156 0 0 0 0.000000 107 1284 4518317 68886428 1195 810 0.674653 1200 4619653 59036496 816 3278684 38657024 12 176715 3735307 0 0 0
1690507875920623 100 0 33 67 100 100 0 0 0 0 0 0 0 67 67 0 100 100 33 0 0 0 1020489 116014 0 642 38834 18186 36304644 8543 3364 299492653 299492653 0 0 0 0.000000 110 1320 4609581 70054435 500 781 0.674651 1200 4619653 59036496 804 3150151 37744709 12 176715 3735307 0 0 0
1690507876063808 100 0 34 66 100 100 0 0 0 0 0 0 0 66 66 0 100 100 34 0 0 0 1020489 116315 0 661 38880 18217 36447371 8575 3364 309029381 309029381 0 0 0 0.000000 100 1200 4453037 64520567 29 709 0.674650 1200 4619653 59036496 792 3086035 37322180 12 176715 3735307 0 0 0
1690507876088911 100 0 35 65 100 100 0 0 0 0 0 0 0 65 65 0 100 100 35 0 0 0 1020491 116672 0 679 38958 18247 36471930 8602 3364 319311055 319311055 0 0 0 0.000000 103 1236 4645961 65781605 755 715 0.674648 1200 4619653 59036496 780 3054111 36899423 12 176715 3735307 0 0 0
1690507876270738 100 0 36 64 100 100 0 0 0 0 0 0 0 64 64 0 100 100 36 0 0 0 1020492 117101 0 701 39035 18280 36653120 8632 3364 330342746 330342746 0 0 0 0.000000 96 1152 4294059 60718829 32 649 0.674648 1200 4619653 59036496 768 3022187 36478024 12 176715 3735307 0 0 0
1690507876939886 100 0 37 63 100 100 0 0 0 0 0 0 0 63 63 0 100 100 37 0 0 0 1020493 117433 0 721 39081 18311 37321735 8703 3364 340753845 340753845 0 0 0 0.000000 99 1188 4393032 62035798 2610 842 0.674647 1200 4619653 59036496 756 2958071 36054619 12 176715 3735307 0 0 0
1690507877033919 100 0 38 62 100 100 0 0 0 0 0 0 0 62 62 0 100 100 38 0 0 0 1020494 117767 0 747 39124 18343 37415283 8715 3364 351224446 351224446 0 0 0 0.000000 102 1224 4580578 63355445 741 833 0.674647 1200 4619653 59036496 744 2926147 35632978 12 176715 3735307 0 0 0
1690507877469513 100 0 39 61 100 100 0 0 0 0 0 0 0 61 61 0 100 100 39 0 0 0 1020494 118074 0 766 39170 18374 37850428 8727 3364 362177641 362177641 0 0 0 0.000000 104 1248 4634859 64051734 211 773 0.674646 1200 4619653 59036496 732 2894223 35210160 12 176715 3735307 0 0 0
1690507877524473 100 0 40 60 100 100 0 0 0 0 0 0 0 60 60 0 100 100 40 0 0 0 1020495 118504 0 785 39247 18403 37904754 8760 3364 373063080 373063080 0 0 0 0.000000 107 1284 4733873 65369692 2548 947 0.674646 1200 4619653 59036496 720 2862299 34787037 12 176715 3735307 0 0 0
1690507877583886 100 0 41 59 100 100 0 0 0 0 0 0 0 59 59 0 100 100 41 0 0 0 1020497 118820 0 809 39289 18433 37963672 8814 3364 384140906 384140906 0 0 0 0.000000 110 1320 4832724 66686013 2843 1133 0.674646 1200 4619653 59036496 708 2830375 34365341 12 176715 3735307 0 0 0
1690507877785234 100 0 42 58 100 100 0 0 0 0 0 0 0 58 58 0 100 100 42 0 0 0 1020497 119253 0 840 39363 18461 38164427 8826 3364 395983739 395983739 0 0 0 0.000000 113 1356 4931425 67996111 2049 1223 0.674646 1200 4619653 59036496 696 2766259 33943567 12 176715 3735307 0 0 0
1690507878573241 100 0 43 57 100 100 0 0 0 0 0 0 0 57 57 0 100 100 43 0 0 0 1020497 119613 0 866 39408 18489 38951944 8836 3364 408062199 408062199 0 0 0 0.000000 105 1260 4633485 62732323 32 1108 0.674646 1200 4619653 59036496 684 2734335 33520027 12 176715 3735307 0 0 0
1690507879952493 100 0 43 57 100 100 0 0 0 0 0 0 0 57 57 1 100 100 43 0 0 0 1020498 119617 0 866 39489 18508 40330749 8869 3364 422877826 408062199 0 0 0 0.000000 107 1284 4691373 63494470 355 1071 0.644628 1200 4619653 59036496 684 2734335 33520027 12 176715 3735307 0 0 0
1690507879952711 100 0 44 56 100 100 0 0 0 0 0 0 0 56 56 0 100 100 44 0 0 0 1020499 120054 0 887 39492 18543 40330749 8869 3364 422877826 422877826 0 0 0 0.000000 107 1284 4691373 63494470 355 1002 0.663047 1200 4619653 59036496 672 2702411 33097532 12 176715 3735307 0 0 0
1690507881019079 100 0 44 56 100 100 0 0 0 0 0 0 0 56 56 1 100 100 44 0 0 0 1020504 120057 0 887 39612 18558 41396532 8880 3364 438751879 422877826 0 0 0 0.000000 111 1332 4836679 65436932 2803 1093 0.635181 1200 4619653 59036496 672 2702411 33097532 12 176715 3735307 0 0 0
1690507881019373 100 0 45 55 100 100 0 0 0 0 0 0 0 55 55 0 100 100 45 0 0 0 1020504 120675 0 906 39615 18609 41396532 8880 3364 438751879 438751879 0 0 0 0.000000 111 1332 4836679 65436932 2803 1261 0.655353 1200 4619653 59036496 660 2670487 32674900 12 176715 3735307 0 0 0
1690507881976061 100 0 46 54 100 100 0 0 0 0 0 0 0 54 54 0 100 100 46 0 0 0 1020504 121037 0 927 39665 18640 42352691 8915 3364 454984795 454984795 0 0 0 0.000000 114 1368 4937888 66782710 1920 1326 0.660464 1200 4619653 59036496 648 2638563 32251343 12 176715 3735307 0 0 0
1690507882031548 100 0 47 53 100 100 0 0 0 0 0 0 0 53 53 0 100 100 47 0 0 0 1020506 121395 0 951 39712 18673 42407635 8928 3364 471881464 471881464 0 0 0 0.000000 111 1332 4780457 64633739 62 1203 0.664221 1200 4619653 59036496 636 2606639 31829500 12 176715 3735307 0 0 0
1690507882046476 100 0 48 52 100 100 0 0 0 0 0 0 0 52 52 0 100 100 48 0 0 0 1020509 121812 0 972 39791 18707 42421926 8959 3364 488683308 488683308 0 0 0 0.000000 115 1380 4925460 66570310 4934 1568 0.666982 1200 4619653 59036496 624 2574715 31407184 12 176715 3735307 0 0 0
1690507882052595 100 0 49 51 100 100 0 0 0 0 0 0 0 51 51 0 100 100 49 0 0 0 1020511 122132 0 992 39839 18743 42427573 8972 3364 505647460 505647460 0 0 0 0.000000 119 1428 5069743 68497670 1608 1572 0.669012 1200 4619653 59036496 612 2542791 30984420 12 176715 3735307 0 0 0
1690507882081066 100 0 50 50 100 100 0 0 0 0 0 0 0 50 50 0 100 100 50 0 0 0 1020513 122500 0 1013 39884 18777 42455535 8986 3364 522487721 522487721 0 0 0 0.000000 123 1476 5213348 70416436 2701 1683 0.670505 1200 4619653 59036496 600 2510867 30561581 12 176715 3735307 0 0 0
1690507882097661 100 0 51 49 100 100 0 0 0 0 0 0 0 49 49 0 100 100 51 0 0 0 1020516 123103 0 1052 39967 18844 42471242 8999 3364 539464443 539464443 0 0 0 0.000000 125 1500 5298118 71559932 2899 1802 0.671602 1200 4619653 59036496 588 2334152 30158897 12 176715 3735307 0 0 0
1690507882753696 100 0 52 48 100 100 0 0 0 0 0 0 0 48 48 0 100 100 52 0 0 0 1020517 123413 0 1072 40009 18872 43126817 9029 3364 556816401 556816401 0 0 0 0.000000 127 1524 5758162 72651107 3155 1935 0.672408 1200 4619653 59036496 576 2302228 29735569 12 176715 3735307 0 0 0
1690507883127860 100 0 53 47 100 100 0 0 0 0 0 0 0 47 47 0 100 100 53 0 0 0 1020519 200756 0 1093 40064 18902 43423474 9058 3364 574469751 574469751 0 0 0 0.000000 129 1548 5848842 73794453 1610 1904 0.673001 1200 4619653 59036496 564 2270304 29312309 12 176715 3735307 0 0 0
1690507883128412 100 0 54 46 100 100 0 0 0 0 0 0 0 46 46 0 100 100 54 0 0 0 1020521 201164 0 1112 40090 18926 43423511 9071 3364 592321428 592321428 0 0 0 0.000000 129 1548 5848842 73793690 208 1740 0.686157 1200 4619653 59036496 552 2238380 28888983 12 176715 3735307 0 0 0
1690507883171285 100 0 55 45 100 100 0 0 0 0 0 0 0 45 45 0 100 100 55 0 0 0 1020522 201495 0 1132 40134 18955 43465923 9080 3364 610317744 610317744 0 0 0 0.000000 130 1560 5894182 74369567 386 1609 0.683107 1200 4619653 59036496 540 2206456 28467073 12 176715 3735307 0 0 0
1690507883313525 100 0 56 44 100 100 0 0 0 0 0 0 0 44 44 0 100 100 56 0 0 0 1020524 201972 0 1152 40216 18984 43607512 9093 3364 628567944 628567944 0 0 0 0.000000 136 1632 6166221 77803713 3410 1786 0.680866 1200 4619653 59036496 528 2174532 28043980 12 176715 3735307 0 0 0
1690507883314161 100 0 57 43 100 100 0 0 0 0 0 0 0 43 43 0 100 100 57 0 0 0 1020524 202475 0 1173 40242 19008 43607538 9105 3364 646814337 646814337 0 0 0 0.000000 142 1704 6438260 81240725 4276 2030 0.692563 1200 4619653 59036496 516 2142608 27621067 12 176715 3735307 0 0 0
1690507883448586 100 0 58 42 100 100 0 0 0 0 0 0 0 42 42 0 100 100 58 0 0 0 1020525 203098 0 1212 40323 19076 43741128 9117 3364 665010626 665010626 0 0 0 0.000000 152 1824 6695858 76686721 2429 2069 0.687817 1200 4619653 59036496 504 2110684 27198108 12 176715 3735307 0 0 0
1690507883461488 100 0 59 41 100 100 0 0 0 0 0 0 0 41 41 0 100 100 59 0 0 0 1020525 203497 0 1230 40397 19107 43753468 9129 3364 682726355 682726355 0 0 0 0.000000 154 1848 6783961 77700550 1097 1975 0.684328 1200 4619653 59036496 492 2046633 23463151 12 176715 3735307 0 0 0
1690507883480397 100 0 60 40 100 100 0 0 0 0 0 0 0 40 40 0 100 100 60 0 0 0 1020527 203804 0 1250 40441 19137 43771896 9168 3364 701093005 701093005 0 0 0 0.000000 150 1800 6706103 85823826 115 1794 0.681763 1200 4619653 59036496 480 2014709 23041420 12 176715 3735307 0 0 0
1690507883640696 100 0 61 39 100 100 0 0 0 0 0 0 0 39 39 0 100 100 61 0 0 0 1020527 204120 0 1269 40525 19177 43931694 9179 3364 718623644 718623644 0 0 0 0.000000 153 1836 6840225 87534807 5848 2190 0.679877 1200 4619653 59036496 468 1982785 22618083 12 176715 3735307 0 0 0
1690507883719419 100 0 62 38 100 100 0 0 0 0 0 0 0 38 38 0 100 100 62 0 0 0 1020528 204425 0 1286 40609 19204 44009928 9203 3364 736602884 736602884 0 0 0 0.000000 134 1608 5990785 76669657 28 1980 0.678491 1200 4619653 59036496 456 1918734 18884091 12 176715 3735307 0 0 0
1690507883851979 100 0 63 37 100 100 0 0 0 0 0 0 0 37 37 0 100 100 63 0 0 0 1020529 204994 0 1323 40689 19295 44141665 9233 3364 755307400 755307400 0 0 0 0.000000 132 1584 5987916 85080967 114 1799 0.677473 1200 4619653 59036496 444 1886810 18461784 12 176715 3735307 0 0 0
1690507883854364 100 0 64 36 100 100 0 0 0 0 0 0 0 36 36 0 100 100 64 0 0 0 1020529 205476 0 1342 40763 19331 44143397 9245 3364 772637236 772637236 0 0 0 0.000000 139 1668 6031403 88257534 1876 1807 0.676724 1200 4619653 59036496 432 1854886 18039281 12 176715 3735307 0 0 0
1690507883855174 100 0 65 35 100 100 0 0 0 0 0 0 0 35 35 0 100 100 65 0 0 0 1020530 206057 0 1378 40794 19404 44143422 9278 3364 791380221 791380221 0 0 0 0.000000 141 1692 6118186 89527694 1303 1759 0.689189 1200 4619653 59036496 420 1822962 17617605 12 176715 3735307 0 0 0
1690507883858235 100 0 66 34 100 100 0 0 0 0 0 0 0 34 34 0 100 100 66 0 0 0 1020532 206383 0 1404 40870 19432 44145961 9318 3364 809456079 809456079 0 0 0 0.000000 143 1716 6204969 90796441 2624 1845 0.685337 1200 4619653 59036496 408 1694429 16724294 12 176715 3735307 0 0 0
1690507883870579 100 0 67 33 100 100 0 0 0 0 0 0 0 33 33 0 100 100 67 0 0 0 1020532 206787 0 1422 40962 19462 44157702 9348 3364 827926901 827926901 0 0 0 0.000000 140 1680 6350820 90235678 109 1677 0.682504 1200 4619653 59036496 396 1662505 16302876 12 176715 3735307 0 0 0
1690507883900820 100 0 68 32 100 100 0 0 0 0 0 0 0 32 32 0 100 100 68 0 0 0 1020533 207143 0 1443 41005 19490 44187438 9379 3364 846584817 846584817 0 0 0 0.000000 144 1728 6346777 83076842 1868 1697 0.680423 1200 4619653 59036496 384 1630581 15880226 12 176715 3735307 0 0 0
1690507883917652 100 0 69 31 100 100 0 0 0 0 0 0 0 31 31 0 100 100 69 0 0 0 1020534 207447 0 1463 41049 19518 44203806 9419 3364 864714245 864714245 0 0 0 0.000000 146 1752 6339008 84233395 2215 1748 0.678892 1200 4619653 59036496 372 1566465 15457527 12 176715 3735307 0 0 0
1690507883927329 100 0 70 30 100 100 0 0 0 0 0 0 0 30 30 0 100 100 70 0 0 0 1020536 207778 0 1483 41092 19545 44213020 9431 3364 882738321 882738321 0 0 0 0.000000 141 1692 6214552 81348811 81 1586 0.677767 1200 4619653 59036496 360 1534541 15035929 12 176715 3735307 0 0 0
1690507883973458 100 0 71 29 100 100 0 0 0 0 0 0 0 29 29 0 100 100 71 0 0 0 1020538 208451 0 1522 41170 19594 44258279 9442 3364 901656414 901656414 0 0 0 0.000000 132 1584 5817879 76152452 43 1436 0.676940 1200 4619653 59036496 348 1502617 14613789 12 176715 3735307 0 0 0
1690507884129376 100 0 72 28 100 100 0 0 0 0 0 0 0 28 28 0 100 100 72 0 0 0 1020538 208782 0 1545 41220 19626 44413702 9475 3364 920393065 920393065 0 0 0 0.000000 147 1764 6382497 84812703 4338 1720 0.676332 1200 4619653 59036496 336 1470693 14191996 12 176715 3735307 0 0 0
1690507884157192 100 0 73 27 100 100 0 0 0 0 0 0 0 27 27 0 100 100 73 0 0 0 1020540 209217 0 1575 41269 19660 44424790 9490 3364 939155783 939155783 0 0 0 0.000000 149 1788 6469334 85964760 3689 1913 0.675885 1200 4619653 59036496 324 1438769 13296193 12 176715 3735307 0 0 0
1690507884249347 100 0 74 26 100 100 0 0 0 0 0 0 0 26 26 0 100 100 74 0 0 0 1020542 209560 0 1595 41321 19695 44515466 9525 3364 957591614 957591614 0 0 0 0.000000 151 1812 6556171 88573935 4347 2151 0.675557 1200 4619653 59036496 312 1374653 12874553 12 176715 3735307 0 0 0
1690507884370466 100 0 75 25 100 100 0 0 0 0 0 0 0 25 25 0 100 100 75 0 0 0 1020543 209879 0 1614 41376 19723 44636120 9537 3364 976231166 976231166 0 0 0 0.000000 154 1848 6787601 90330284 75 1950 0.675316 1200 4619653 59036496 300 1342729 12452562 12 176715 3735307 0 0 0
1690507884443404 100 0 76 24 100 100 0 0 0 0 0 0 0 24 24 0 100 100 76 0 0 0 1020544 210316 0 1636 41454 19751 44708427 9576 3364 995496349 995496349 0 0 0 0.000000 157 1884 6919827 92085563 74 1768 0.675138 1200 4619653 59036496 288 1310805 12031298 12 176715 3735307 0 0 0
1690507884462284 100 0 77 23 100 100 0 0 0 0 0 0 0 23 23 0 100 100 77 0 0 0 1020545 210663 0 1656 41499 19792 44726806 9587 3364 1013967050 1013967050 0 0 0 0.000000 174 2088 7669107 102047893 2184 1809 0.675008 1200 4619653 59036496 276 1278881 11134273 12 176715 3735307 0 0 0
1690507884471548 100 0 78 22 100 100 0 0 0 0 0 0 0 22 22 0 100 100 78 0 0 0 1020547 211092 0 1677 41574 19819 44735476 9599 3364 1031790630 1031790630 0 0 0 0.000000 158 1896 6963902 94196553 37 1637 0.674912 1200 4619653 59036496 264 1214765 10712126 12 176715 3735307 0 0 0
1690507884495107 100 0 79 21 100 100 0 0 0 0 0 0 0 21 21 0 100 100 79 0 0 0 1020548 211711 0 1716 41632 19852 44758242 9623 3364 1050351934 1050351934 0 0 0 0.000000 169 2028 7559760 100755555 1530 1627 0.674841 1200 4619653 59036496 252 1182841 10289026 12 176715 3735307 0 0 0
1690507884501138 100 0 80 20 100 100 0 0 0 0 0 0 0 20 20 0 100 100 80 0 0 0 1020550 212098 0 1735 41676 19879 44763754 9634 3364 1069703237 1069703237 0 0 0 0.000000 156 1872 6978240 93005348 41 1473 0.674789 1200 4619653 59036496 240 1150917 9866684 12 176715 3735307 0 0 0
1690507884506373 100 0 81 19 100 100 0 0 0 0 0 0 0 19 19 0 100 100 81 0 0 0 1020551 212475 0 1754 41720 19907 44768454 9670 3364 1088454539 1088454539 0 0 0 0.000000 158 1896 6963902 94193996 5109 1828 0.674751 1200 4619653 59036496 228 1086825 9446116 12 176715 3735307 0 0 0
1690507884539569 100 0 82 18 100 100 0 0 0 0 0 0 0 18 18 0 100 100 82 0 0 0 1020553 212796 0 1776 41764 19948 44801183 9684 3364 1106476033 1106476033 0 0 0 0.000000 156 1872 6978164 92997993 114 1662 0.674723 1200 4619653 59036496 216 1022709 9023386 12 176715 3735307 0 0 0
1690507884550532 100 0 83 17 100 100 0 0 0 0 0 0 0 17 17 0 100 100 83 0 0 0 1020556 213145 0 1795 41853 19991 44811600 9696 3364 1125273708 1125273708 0 0 0 0.000000 168 2016 7294087 98473108 4205 1911 0.674703 1200 4619653 59036496 204 894176 8128143 12 176715 3735307 0 0 0
1690507884601244 100 0 84 16 100 100 0 0 0 0 0 0 0 16 16 0 100 100 84 0 0 0 1020558 213597 0 1827 41929 20020 44861682 9720 3364 1143229584 1143229584 0 0 0 0.000000 165 1980 7380750 98306452 116 1737 0.674687 1200 4619653 59036496 192 830189 7706175 12 176715 3735307 0 0 0
1690507884634669 100 0 85 15 100 100 0 0 0 0 0 0 0 15 15 0 100 100 85 0 0 0 1020561 213928 0 1850 41973 20047 44894630 9732 3364 1162454981 1162454981 0 0 0 0.000000 178 2136 8078738 106048942 3040 1865 0.674676 1200 4619653 59036496 180 798265 7284171 12 176715 3735307 0 0 0
1690507884695229 100 0 86 14 100 100 0 0 0 0 0 0 0 14 14 0 100 100 86 0 0 0 1020561 214349 0 1870 42018 20075 44954633 9747 3364 1181359967 1181359967 0 0 0 0.000000 179 2148 8124124 106646933 942 1776 0.674668 1200 4619653 59036496 168 766341 6860923 12 176715 3735307 0 0 0
1690507884703213 100 0 87 13 100 100 0 0 0 0 0 0 0 13 13 0 100 100 87 0 0 0 1020562 214888 0 1890 42096 20105 44961897 9771 3364 1200305905 1200305905 0 0 0 0.000000 173 2076 7738149 103071621 85 1612 0.674662 1200 4619653 59036496 156 702354 6439217 12 176715 3735307 0 0 0
1690507884708001 100 0 88 12 100 100 0 0 0 0 0 0 0 12 12 0 100 100 88 0 0 0 1020577 215191 0 1910 42141 20132 44966236 9784 3364 1219970848 1219970848 0 0 0 0.000000 170 2040 7715201 101284477 98 1466 0.674658 1200 4619653 59036496 144 670430 6017948 12 176715 3735307 0 0 0
1690507885118703 100 0 89 11 100 100 0 0 0 0 0 0 0 11 11 0 100 100 89 0 0 0 1020578 215506 0 1934 42186 20162 45376470 9815 3364 1238554985 1238554985 0 0 0 0.000000 172 2064 7805968 102470622 2070 1526 0.674655 1200 4619653 59036496 132 638506 5594752 12 176715 3735307 0 0 0
1690507885152903 100 0 90 10 100 100 0 0 0 0 0 0 0 10 10 0 100 100 90 0 0 0 1020579 215936 0 1957 42265 20189 45410030 9869 3364 1257956758 1257956758 0 0 0 0.000000 173 2076 7851351 103066639 811 1457 0.674652 1200 4619653 59036496 120 543455 4701451 12 176715 3735307 0 0 0
1690507885189769 100 0 91 9 100 100 0 0 0 0 0 0 0 9 9 0 100 100 91 0 0 0 1020582 216245 0 1978 42311 20218 45446450 9881 3364 1277896448 1277896448 0 0 0 0.000000 172 2064 8027556 104126308 257 1340 0.674650 1200 4619653 59036496 108 511531 4278363 12 176715 3735307 0 0 0
1690507885269007 100 0 92 8 100 100 0 0 0 0 0 0 0 8 8 0 100 100 92 0 0 0 1020584 216548 0 1998 42356 20245 45525236 9911 3364 1296651245 1296651245 0 0 0 0.000000 187 2244 8604779 113212106 1224 1330 0.674649 1200 4619653 59036496 96 479607 3855402 12 176715 3735307 0 0 0
1690507885343776 100 0 93 7 100 100 0 0 0 0 0 0 0 7 7 0 100 100 93 0 0 0 1020587 216880 0 2018 42402 20273 45599537 9924 3364 1315462116 1315462116 0 0 0 0.000000 189 2268 8696808 114420697 5410 1728 0.674648 1200 4619653 59036496 84 447683 3432960 12 176715 3735307 0 0 0
1690507885397681 100 0 94 6 100 100 0 0 0 0 0 0 0 6 6 0 100 100 94 0 0 0 1020588 217213 0 2039 42447 20300 45652978 9937 3364 1335082177 1335082177 0 0 0 0.000000 190 2280 8742823 115025892 950 1653 0.674647 1200 4619653 59036496 72 383567 3009685 12 176715 3735307 0 0 0
1690507885569222 100 0 95 5 100 100 0 0 0 0 0 0 0 5 5 0 100 100 95 0 0 0 1020588 217644 0 2059 42524 20329 45823885 9964 3364 1354114968 1354114968 0 0 0 0.000000 182 2184 8494275 110185085 91 1501 0.674647 1200 4619653 59036496 60 319451 2585975 12 176715 3735307 0 0 0
1690507885758607 100 0 96 4 100 100 0 0 0 0 0 0 0 4 4 0 100 100 96 0 0 0 1020589 217975 0 2080 42571 20356 46012801 9978 3364 1374619554 1374619554 0 0 0 0.000000 192 2304 9087133 116239810 890 1442 0.674647 1200 4619653 59036496 48 287527 2163242 12 176715 3735307 0 0 0
1690507885784314 100 0 97 3 100 100 0 0 0 0 0 0 0 3 3 0 100 100 97 0 0 0 1020590 218287 0 2102 42657 20383 46038013 9991 3364 1393762855 1393762855 0 0 0 0.000000 192 2304 9087133 116243297 1094 1409 0.674646 1200 4619653 59036496 36 158899 1740934 12 176715 3735307 0 0 0
1690507886054470 100 0 98 2 100 100 0 0 0 0 0 0 0 2 2 0 100 100 98 0 0 0 1020592 218574 0 2120 42698 20407 46307733 10031 3364 1413885757 1413885757 0 0 0 0.000000 193 2316 9515357 116848699 3787 1641 0.674646 1200 4619653 59036496 24 126975 1317290 12 176715 3735307 0 0 0
1690507886268032 100 0 99 1 100 100 0 0 0 0 0 0 0 1 1 0 100 100 99 0 0 0 1020594 218942 0 2138 42737 20432 46520775 10064 3364 1434405656 1434405656 0 0 0 0.000000 177 2124 8726520 107164939 45 1487 0.674646 1200 4619653 59036496 12 31924 423211 12 176715 3735307 0 0 0
1690507886389139 100 0 100 0 100 100 0 0 0 0 0 0 0 0 0 0 100 100 100 0 0 0 1020594 219250 0 2157 42786 20461 46641413 10100 3364 1454272521 1454272521 0 0 0 0.000000 176 2112 8903959 108252105 281 1370 0.674646 1200 4619653 59036496 0 0 0 12 176715 3735307 0 0 0
1690507886435820 100 0 90 10 100 100 0 0 0 0 0 0 0 10 10 0 111 111 101 0 0 0 1023242 219673 0 2177 43107 20529 46683193 11460 3477 1454313760 1454313760 0 0 0 0.000000 176 2112 8383893 108325835 2083 1440 0.478403 1200 4619653 59036496 120 480209 4693684 12 176715 3735307 0 0 0
1690508161593845 100 0 90 10 100 100 0 0 0 0 0 0 0 10 10 1 111 111 101 0 0 0 1023749 220018 0 2177 80347 232438 321589009 12431 3477 1729513621 1454313760 0 0 0 0.000000 173 2076 8240986 106478958 44 1073 0.512821 1200 4619653 59036532 120 480209 4693684 12 176715 3735317 0 0 0
1690508161594184 100 0 91 9 100 100 0 0 0 0 0 0 0 9 9 0 111 111 102 0 0 0 1023750 220759 0 2199 80352 232440 321589009 12431 3477 1729513621 1729513621 0 0 0 0.000000 173 2076 8240986 106478958 44 974 0.555689 1200 4619653 59036532 108 448285 4271988 12 176715 3735317 0 0 0
1690508161594277 100 0 91 9 100 100 0 0 0 0 0 0 0 9 9 0 111 111 102 0 0 0 1023750 220759 0 2199 80352 232469 321589009 12439 3477 1729513621 1729513621 0 0 0 0.000000 226 2712 10765681 139092466 219458 11899 0.555689 1200 4619653 59036532 108 448285 4271988 12 176715 3735317 0 0 0
1690508195177540 100 0 91 9 100 100 0 0 0 0 0 0 0 9 9 1 111 111 102 0 0 0 1023799 220852 0 2199 80690 232676 355170945 12650 3477 2038298986 1729513621 0 0 0 0.000000 226 2712 10765681 139092466 219458 22277 0.514131 1200 4619653 59036532 108 448285 4271988 12 176715 3735317 0 0 0
1690508195177806 100 0 92 8 100 100 0 0 0 0 0 0 0 8 8 0 111 111 103 0 0 0 1023800 221374 0 2220 80694 232719 355170945 12650 3477 2038298986 2038298986 0 0 0 0.000000 226 2712 10765681 139092466 219458 41504 0.556756 1200 4619653 59036532 96 384169 3849258 12 176715 3735317 0 0 0
1690508198483165 100 0 92 8 100 100 0 0 0 0 0 0 0 8 8 1 111 111 103 0 0 0 1023804 221380 0 2220 80789 247567 358460843 12733 3477 2350390551 2038298986 0 0 0 0.000000 285 3420 13763430 175400749 221511 59056 0.541969 1200 4619653 59036532 96 384169 3849258 12 176715 3735317 0 0 0
1690508198483445 100 0 93 7 100 100 0 0 0 0 0 0 0 7 7 0 111 111 104 0 0 0 1023811 221971 0 2242 80794 247598 358460843 12733 3477 2350390551 2350390551 0 0 0 0.000000 285 3420 13763430 175400749 221511 74896 0.579430 1200 4619653 59036532 84 352245 3426626 12 176715 3735317 0 0 0
1690508198953511 100 0 94 6 100 100 0 0 0 0 0 0 0 6 6 0 111 111 105 0 0 0 1023813 222293 0 2260 80855 247634 358930204 12972 3477 2662951549 2662951549 0 0 0 0.000000 344 4128 16612701 211716850 279152 94812 0.604654 1200 4619653 59036532 72 320321 3004635 12 176715 3735317 0 0 0
1690508199671303 100 0 95 5 100 100 0 0 0 0 0 0 0 5 5 0 111 111 106 0 0 0 1023814 222612 0 2278 80894 247657 359647507 13028 3477 2976229067 2976229067 0 0 0 0.000000 402 4824 19413680 247404255 344991 119205 0.623195 1200 4619653 59036532 60 256229 2584067 12 176715 3735317 0 0 0
1690508200249733 100 0 96 4 100 100 0 0 0 0 0 0 0 4 4 0 111 111 107 0 0 0 1023817 223293 0 2318 80981 247691 360225055 13060 3477 3290085676 3290085676 0 0 0 0.000000 461 5532 22565593 283692768 299501 136785 0.636825 1200 4619653 59036532 48 224305 2160944 12 176715 3735317 0 0 0
1690508200382559 100 0 97 3 100 100 0 0 0 0 0 0 0 3 3 0 111 111 108 0 0 0 1023818 223615 0 2340 81026 247722 360357380 13117 3477 3604076186 3604076186 0 0 0 0.000000 521 6252 25502546 320617648 280480 150796 0.646844 1200 4619653 59036532 36 192381 1737856 12 176715 3735317 0 0 0
1690508200489218 100 0 98 2 100 100 0 0 0 0 0 0 0 2 2 0 111 111 109 0 0 0 1023821 223994 0 2359 81141 247750 360463414 13166 3477 3918170924 3918170924 0 0 0 0.000000 598 7176 28879556 327584278 407780 175853 0.654209 1200 4619653 59036532 24 160457 1316125 12 176715 3735317 0 0 0
1690508201176458 100 0 99 1 100 100 0 0 0 0 0 0 0 1 1 0 111 111 110 0 0 0 1023824 224386 0 2381 81221 247776 361150060 13214 3477 4232953541 4232953541 0 0 0 0.000000 658 7896 31777170 360452266 277224 185738 0.659623 1200 4619653 59036532 12 128533 893025 12 176715 3735317 0 0 0
1690508201214976 100 0 100 0 100 100 0 0 0 0 0 0 0 0 0 0 111 111 111 0 0 0 1023826 224675 0 2401 81279 247801 361188080 13260 3477 4547775493 4547775493 0 0 0 0.000000 825 9900 39842197 451930842 224845 189552 0.663602 1200 4619653 59036532 0 0 0 12 176715 3735317 0 0 0
1690508201235904 0 0 0 0 0 100 100 100 0 0 0 0 0 0 0 0 111 111 111 0 0 0 1023826 224675 0 2401 81279 247801 361188080 13260 3477 4547775493 4547775493 0 0 0 0.000000 929 11148 46087254 455039102 366073 198379 0.663602 0 0 0 0 0 0 0 0 0 0 0 0
