# timestamp workers_connected workers_init workers_idle workers_busy workers_able workers_joined workers_removed workers_released workers_idled_out workers_blocked workers_slow workers_lost tasks_waiting tasks_on_workers tasks_running tasks_with_results tasks_submitted tasks_dispatched tasks_done tasks_failed tasks_cancelled tasks_exhausted_attempts time_send time_receive time_send_good time_receive_good time_status_msgs time_internal time_polling time_application time_scheduling time_execute time_execute_good time_execute_exhaustion bytes_sent bytes_received bandwidth capacity_tasks capacity_cores capacity_memory capacity_disk capacity_instantaneous capacity_weighted manager_load total_cores total_memory total_disk committed_cores committed_memory committed_disk max_cores max_memory max_disk min_cores min_memory min_disk
1690498036986184 0 0 0 0 0 0 0 0 0 0 0 0 0 0 0 0 0 0 0 0 0 0 0 0 0 0 0 0 0 0 0 0 0 0 0 0 1.000000 0 0 0 0 0 0 0.000000 0 0 0 0 0 0 0 0 0 0 0 0
1690498036990185 0 0 0 0 0 0 0 0 0 0 0 0 0 0 0 0 0 0 0 0 0 0 0 0 0 0 0 0 0 0 0 0 0 0 0 0 1.000000 10 10 5120 10240 10 10 0.000000 0 0 0 0 0 0 0 0 0 0 0 0
1690498069707084 1 0 0 1 1 1 0 0 0 0 0 0 99 1 0 0 100 0 0 0 0 0 1648 115 0 0 444 11452 32696005 6836 11 0 0 0 0 0 1.000000 10 10 5120 10240 10 10 0.482362 12 31924 423423 0 0 0 12 31924 423423 0 0 0
1690498071006114 74 0 0 74 74 74 0 0 0 0 0 0 26 74 64 0 100 74 0 0 0 0 547169 425 0 0 315405 16246 33129392 6836 1961 0 0 0 0 0 1.000000 10 10 5120 10240 10 10 0.442080 888 2877123 38104324 888 2877123 38104324 12 192842 3734960 0 0 0
1690498072332038 98 0 3 95 95 98 0 0 0 0 0 0 5 95 94 0 100 94 0 0 0 0 1228500 516 0 0 321242 16735 33767060 6875 3098 0 0 0 0 0 0.000000 10 10 5120 10240 10 10 0.469526 1140 4253456 52665741 1128 4124828 52243523 12 192842 3734960 0 0 0
1690498072937759 98 0 0 98 98 98 0 0 0 0 0 0 1 98 97 0 100 99 1 0 0 0 1417085 858 0 16 321866 16865 34183308 6875 3371 3072412 3072412 0 0 0 0.000000 10 10 5120 10240 10 10 0.488749 1176 4572084 58190382 1176 4572084 58190382 12 192842 3735317 0 0 0
1690498072938938 98 0 0 98 98 98 0 0 0 0 0 0 0 98 97 0 100 100 2 0 0 0 1417314 1162 0 33 321902 16886 34183332 7396 3409 6050780 6050780 0 0 0 0.000000 955 11460 30487420 404058590 955 103 0.511666 1176 4572084 58190382 1176 4572084 58190382 12 192842 3735317 0 0 0
1690498072950188 98 0 1 97 98 98 0 0 0 0 0 0 0 97 97 0 100 100 3 0 0 0 1417317 1447 0 48 321963 16915 34194129 7424 3409 9018951 9018951 0 0 0 0.000000 89 1068 2841236 37624795 46 99 0.554923 1176 4572084 58190382 1164 4540160 57768070 12 192842 3735317 0 0 0
1690498072950803 98 0 2 96 98 98 0 0 0 0 0 0 0 96 96 0 100 100 4 0 0 0 1417320 1894 0 65 321990 16952 34194168 7444 3409 12078664 12078664 0 0 0 0.000000 89 1068 2841236 37611786 89 99 0.586639 1176 4572084 58190382 1152 4508236 57344634 12 192842 3735317 0 0 0
1690498073136116 98 0 3 95 98 98 0 0 0 0 0 0 0 95 95 0 100 100 5 0 0 0 1417320 2177 0 81 322022 16978 34379081 7452 3409 15055978 15055978 0 0 0 0.000000 48 576 1532352 20294988 20 93 0.609952 1176 4572084 58190382 1140 4476312 56921269 12 192842 3735317 0 0 0
1690498073206428 98 0 4 94 98 98 0 0 0 0 0 0 0 94 94 0 100 100 6 0 0 0 1417323 2474 0 96 322079 17001 34448940 7480 3409 18365503 18365503 0 0 0 0.000000 57 684 1819668 24106600 339 118 0.627090 1176 4572084 58190382 1128 4444388 56499358 12 192842 3735317 0 0 0
1690498073223449 99 0 6 93 99 99 0 0 0 0 0 0 0 93 93 0 100 100 7 0 0 0 1417328 2763 0 112 322447 17088 34465105 7511 3409 21508109 21508109 0 0 0 0.000000 69 828 2202756 29170038 888 194 0.573719 1188 4636200 58612912 1116 4412464 56077660 12 192842 3735317 0 0 0
1690498073633728 99 0 7 92 99 99 0 0 0 0 0 0 0 92 92 0 100 100 8 0 0 0 1417330 406846 0 137 322483 17134 34471139 7537 3409 24724960 24724960 0 0 0 0.000000 72 864 2298528 30427437 94 185 0.600455 1188 4636200 58612912 1104 4380540 55654620 12 192842 3735317 0 0 0
1690498073635685 99 1 10 89 99 99 0 0 0 0 0 0 0 89 89 0 100 100 11 0 0 0 1417330 408521 0 225 322601 17156 34471160 7571 3409 34832636 34832636 0 0 0 0.000000 30 360 957720 12678054 12 156 0.687434 1188 4636200 58612912 1068 4284768 54387145 12 192842 3735317 0 0 0
1690498073635790 99 1 10 89 99 99 0 0 0 0 0 0 0 89 89 0 100 100 11 0 0 0 1417330 408521 0 225 322601 17179 34471160 7607 3409 34832636 34832636 0 0 0 0.000000 30 360 957720 12678377 31 150 0.687434 1188 4636200 58612912 1068 4284768 54387145 12 192842 3735317 0 0 0
1690498073635863 99 1 10 89 99 99 0 0 0 0 0 0 0 89 89 0 100 100 11 0 0 0 1417330 408521 0 225 322601 17199 34471160 7624 3409 34832636 34832636 0 0 0 0.000000 30 360 957720 12678377 31 145 0.687434 1188 4636200 58612912 1068 4284768 54387145 12 192842 3735317 0 0 0
1690498073741508 100 0 12 88 100 100 0 0 0 0 0 0 0 88 88 0 100 100 12 0 0 0 1417336 408921 0 242 322890 17264 34575976 7629 3409 38382450 38382450 0 0 0 0.000000 30 360 957720 12678377 31 135 0.593168 1200 4700316 59036410 1056 4252844 53965152 12 192842 3735317 0 0 0
1690498074702404 100 0 13 87 100 100 0 0 0 0 0 0 0 87 87 0 100 100 13 0 0 0 1417336 409320 0 261 322964 17293 35536310 7640 3409 41802175 41802175 0 0 0 0.000000 32 384 1021568 13521950 89 131 0.614752 1200 4700316 59036410 1044 4157793 53071851 12 192842 3735317 0 0 0
1690498074850221 100 0 14 86 100 100 0 0 0 0 0 0 0 86 86 0 100 100 14 0 0 0 1417337 409773 0 278 323038 17319 35683499 7663 3409 45575010 45575010 0 0 0 0.000000 31 372 1140178 14221923 21 121 0.630618 1200 4700316 59036410 1032 4093677 52648575 12 192842 3735317 0 0 0
1690498074862894 100 0 15 85 100 100 0 0 0 0 0 0 0 85 85 0 100 100 15 0 0 0 1417338 410094 0 295 323080 17350 35695715 7679 3409 48605873 48605873 0 0 0 0.000000 24 288 929580 10949671 7 111 0.642281 1200 4700316 59036410 1020 4061753 52226071 12 192842 3735317 0 0 0
1690498074968896 100 0 16 84 100 100 0 0 0 0 0 0 0 84 84 0 100 100 16 0 0 0 1417340 410596 0 315 323126 17378 35801057 7717 3409 52505900 52505900 0 0 0 0.000000 21 252 803851 9533737 7 102 0.650855 1200 4700316 59036410 1008 4029829 51804472 12 192842 3735317 0 0 0
1690498075018405 100 0 17 83 100 100 0 0 0 0 0 0 0 83 83 0 100 100 17 0 0 0 1417341 410940 0 335 323201 17406 35850043 7745 3409 56436770 56436770 0 0 0 0.000000 19 228 719748 8587301 9 94 0.657157 1200 4700316 59036410 996 3965713 51382325 12 192842 3735317 0 0 0
1690498075372607 100 0 18 82 100 100 0 0 0 0 0 0 0 82 82 0 100 100 18 0 0 0 1417344 625217 0 374 323251 17438 35989823 7757 3409 59771941 59771941 0 0 0 0.000000 17 204 670219 7653558 8 86 0.661790 1200 4700316 59036410 984 3901597 50959625 12 192842 3735317 0 0 0
1690498075625255 100 0 20 80 100 100 0 0 0 0 0 0 0 80 80 0 100 100 20 0 0 0 1417344 656004 0 438 337341 17464 35989867 7786 3409 66819464 66819464 0 0 0 0.000000 14 168 564612 6261789 5 76 0.703885 1200 4700316 59036410 960 3805557 50115966 12 192842 3735317 0 0 0
1690498075838757 100 0 20 80 100 100 0 0 0 0 0 0 0 80 80 0 100 100 20 0 0 0 1417344 656004 0 438 337341 128335 35989867 7808 3409 66819464 66819464 0 0 0 0.000000 12 144 498225 5351951 4 73 0.703885 1200 4700316 59036410 960 3805557 50115966 12 192842 3735317 0 0 0
1690498076342256 100 0 21 79 100 100 0 0 0 0 0 0 0 79 79 0 100 100 21 0 0 0 1417348 733835 0 466 440472 235240 36187091 7820 3409 69915916 69915916 0 0 0 0.000000 12 144 498225 5351951 4 67 0.696139 1200 4700316 59036410 948 3773633 49693563 12 192842 3735317 0 0 0
1690498076385893 100 0 22 78 100 100 0 0 0 0 0 0 0 78 78 0 100 100 22 0 0 0 1417349 777224 0 519 440510 235297 36187134 7862 3409 73133398 73133398 0 0 0 0.000000 12 144 492743 5338469 22 63 0.705003 1200 4700316 59036410 936 3741709 49270465 12 192842 3735317 0 0 0
1690498080060392 100 0 22 78 100 100 0 0 0 0 0 0 0 78 78 1 100 100 22 0 0 0 1417353 777231 0 519 440578 235327 39655733 7875 3409 83209721 73133398 0 0 0 0.000000 12 144 487758 5326592 12 61 0.640318 1200 4700316 59036410 936 3741709 49270465 12 192842 3735317 0 0 0
1690498080060790 100 0 23 77 100 100 0 0 0 0 0 0 0 77 77 0 100 100 23 0 0 0 1417354 777904 0 559 440581 235349 39655733 7875 3409 83209721 83209721 0 0 0 0.000000 12 144 487758 5326592 12 57 0.659537 1200 4700316 59036410 924 3709785 48847139 12 192842 3735317 0 0 0
1690498080170936 100 0 24 76 100 100 0 0 0 0 0 0 0 76 76 0 100 100 24 0 0 0 1417356 778224 0 581 440624 235414 39765361 7913 3409 93551678 93551678 0 0 0 0.000000 14 168 563742 6201845 291 81 0.663539 1200 4700316 59036410 912 3677861 48424374 12 192842 3735317 0 0 0
1690498080185793 100 0 25 75 100 100 0 0 0 0 0 0 0 75 75 0 100 100 25 0 0 0 1417358 778597 0 599 440701 235440 39779673 7925 3409 103903512 103903512 0 0 0 0.000000 16 192 638714 7074340 981 169 0.666482 1200 4700316 59036410 900 3645937 48002297 12 192842 3735317 0 0 0
1690498080555821 100 0 26 74 100 100 0 0 0 0 0 0 0 74 74 0 100 100 26 0 0 0 1417360 778883 0 617 440743 235470 40149268 7953 3409 114296722 114296722 0 0 0 0.000000 17 204 673197 7502839 2699 417 0.668644 1200 4700316 59036410 888 3614013 47578654 12 192842 3735317 0 0 0
1690498080581438 100 0 27 73 100 100 0 0 0 0 0 0 0 73 73 0 100 100 27 0 0 0 1417361 779259 0 640 440792 235503 40174335 7983 3409 124954179 124954179 0 0 0 0.000000 19 228 746787 8372591 1200 495 0.670234 1200 4700316 59036410 876 3582089 47157357 12 192842 3735317 0 0 0
1690498080638782 100 0 28 72 100 100 0 0 0 0 0 0 0 72 72 0 100 100 28 0 0 0 1417362 779568 0 659 440837 235534 40231230 7996 3409 135432382 135432382 0 0 0 0.000000 20 240 780625 8798909 376 485 0.671403 1200 4700316 59036410 864 3550165 46735501 12 192842 3735317 0 0 0
1690498080755017 100 0 29 71 100 100 0 0 0 0 0 0 0 71 71 0 100 100 29 0 0 0 1417365 779908 0 677 440883 235563 40346990 8008 3409 146078945 146078945 0 0 0 0.000000 22 264 853103 9664586 1239 559 0.672262 1200 4700316 59036410 852 3518241 46313705 12 192842 3735317 0 0 0
1690498081047235 100 0 30 70 100 100 0 0 0 0 0 0 0 70 70 0 100 100 30 0 0 0 1417367 780235 0 696 440927 235598 40638719 8041 3409 156041994 156041994 0 0 0 0.000000 24 288 924986 10528700 132 518 0.672893 1200 4700316 59036410 840 3454125 45890291 12 192842 3735317 0 0 0
1690498081097267 100 0 31 69 100 100 0 0 0 0 0 0 0 69 69 0 100 100 31 0 0 0 1417370 780538 0 716 440969 235628 40688276 8076 3409 167316845 167316845 0 0 0 0.000000 23 276 906053 10078288 18 470 0.673357 1200 4700316 59036410 828 3422201 45468221 12 192842 3735317 0 0 0
1690498081186443 100 0 32 68 100 100 0 0 0 0 0 0 0 68 68 0 100 100 32 0 0 0 1417373 780835 0 734 441020 235669 40777000 8088 3409 178349085 178349085 0 0 0 0.000000 25 300 978816 10941663 1963 616 0.673699 1200 4700316 59036410 816 3390277 45046678 12 192842 3735317 0 0 0
1690498081198562 100 0 33 67 100 100 0 0 0 0 0 0 0 67 67 0 100 100 33 0 0 0 1417374 781140 0 751 441066 235697 40788656 8123 3409 189560855 189560855 0 0 0 0.000000 26 312 1012095 11366230 3190 868 0.673949 1200 4700316 59036410 804 3358353 44623837 12 192842 3735317 0 0 0
1690498081200131 100 0 34 66 100 100 0 0 0 0 0 0 0 66 66 0 100 100 34 0 0 0 1417375 781553 0 771 441151 235729 40789610 8159 3409 200940013 200940013 0 0 0 0.000000 28 336 1084007 12228403 297 813 0.674134 1200 4700316 59036410 792 3326429 44202395 12 192842 3735317 0 0 0
1690498081278297 100 0 35 65 100 100 0 0 0 0 0 0 0 65 65 0 100 100 35 0 0 0 1417376 781899 0 788 441229 235759 40867263 8171 3409 212065681 212065681 0 0 0 0.000000 29 348 1116930 12652093 402 774 0.674269 1200 4700316 59036410 780 3294505 43779952 12 192842 3735317 0 0 0
1690498081427176 100 0 36 64 100 100 0 0 0 0 0 0 0 64 64 0 100 100 36 0 0 0 1417378 782341 0 810 441305 235788 41015529 8184 3409 222400267 222400267 0 0 0 0.000000 31 372 1188122 13512397 3054 997 0.674369 1200 4700316 59036410 768 3230389 43357221 12 192842 3735317 0 0 0
1690498081643497 100 0 37 63 100 100 0 0 0 0 0 0 0 63 63 0 100 100 37 0 0 0 1417378 782702 0 830 441351 235820 41231311 8226 3409 233857962 233857962 0 0 0 0.000000 30 360 1171286 13065552 19 903 0.674442 1200 4700316 59036410 756 3198465 42934024 12 192842 3735317 0 0 0
1690498081644004 100 0 38 62 100 100 0 0 0 0 0 0 0 62 62 0 100 100 38 0 0 0 1417380 783004 0 850 441384 235842 41231357 8284 3409 245512853 245512853 0 0 0 0.000000 31 372 1204365 13490747 338 849 0.687331 1200 4700316 59036410 744 3166541 42511064 12 192842 3735317 0 0 0
1690498081738225 100 0 39 61 100 100 0 0 0 0 0 0 0 61 61 0 100 100 39 0 0 0 1417381 783362 0 869 441430 235872 41325064 8314 3409 257235219 257235219 0 0 0 0.000000 33 396 1276051 14350501 339 800 0.683971 1200 4700316 59036410 732 3134617 42087735 12 192842 3735317 0 0 0
1690498081868506 100 0 40 60 100 100 0 0 0 0 0 0 0 60 60 0 100 100 40 0 0 0 1417382 783757 0 886 441474 235903 41454784 8341 3409 269245059 269245059 0 0 0 0.000000 34 408 1308839 14775309 2219 939 0.681500 1200 4700316 59036410 720 3102693 41666056 12 192842 3735317 0 0 0
1690498082141740 100 0 41 59 100 100 0 0 0 0 0 0 0 59 59 0 100 100 41 0 0 0 1417384 784092 0 905 441520 235931 41727523 8377 3409 281562660 281562660 0 0 0 0.000000 36 432 1379916 15632845 2055 1048 0.679684 1200 4700316 59036410 708 3070769 41243160 12 192842 3735317 0 0 0
1690498082164183 100 0 42 58 100 100 0 0 0 0 0 0 0 58 58 0 100 100 42 0 0 0 1417385 784453 0 923 441598 235961 41749387 8422 3409 292684503 292684503 0 0 0 0.000000 37 444 1412465 16056848 388 984 0.678350 1200 4700316 59036410 696 3006718 37508200 12 192842 3735317 0 0 0
1690498082182115 100 0 43 57 100 100 0 0 0 0 0 0 0 57 57 0 100 100 43 0 0 0 1417386 785002 0 941 441676 235987 41766546 8453 3409 304773564 304773564 0 0 0 0.000000 36 432 1396470 18452300 22 891 0.677368 1200 4700316 59036410 684 2974794 37086193 12 192842 3735317 0 0 0
1690498082200951 100 0 44 56 100 100 0 0 0 0 0 0 0 56 56 0 100 100 44 0 0 0 1417387 785439 0 960 441757 236018 41784768 8465 3409 317104789 317104789 0 0 0 0.000000 38 456 1467983 19397401 186 823 0.676647 1200 4700316 59036410 672 2942870 36662574 12 192842 3735317 0 0 0
1690498082203090 100 0 45 55 100 100 0 0 0 0 0 0 0 55 55 0 100 100 45 0 0 0 1417388 785787 0 981 441845 236049 41786341 8502 3409 329304413 329304413 0 0 0 0.000000 39 468 1500669 19830888 702 812 0.676117 1200 4700316 59036410 660 2910946 36241303 12 192842 3735317 0 0 0
1690498082493024 100 0 46 54 100 100 0 0 0 0 0 0 0 54 54 0 100 100 46 0 0 0 1417388 786173 0 997 441888 236076 42075760 8515 3409 341641383 341641383 0 0 0 0.000000 40 480 1533321 20261849 112 744 0.675727 1200 4700316 59036410 648 2879022 35818390 12 192842 3735317 0 0 0
1690498082519439 100 0 47 53 100 100 0 0 0 0 0 0 0 53 53 0 100 100 47 0 0 0 1417390 786475 0 1016 441936 236104 42101735 8525 3409 352436340 352436340 0 0 0 0.000000 40 480 1527748 20189125 34 676 0.675441 1200 4700316 59036410 636 2847098 35396747 12 192842 3735317 0 0 0
1690498082527723 100 0 48 52 100 100 0 0 0 0 0 0 0 52 52 0 100 100 48 0 0 0 1417391 786763 0 1033 441975 236131 42109608 8536 3409 363079242 363079242 0 0 0 0.000000 39 468 1484352 19615454 29 614 0.675230 1200 4700316 59036410 624 2815174 34973638 12 192842 3735317 0 0 0
1690498082536846 100 0 49 51 100 100 0 0 0 0 0 0 0 51 51 0 100 100 49 0 0 0 1417392 787147 0 1050 442048 236158 42118191 8547 3409 375399866 375399866 0 0 0 0.000000 38 456 1441434 19049278 20 557 0.675075 1200 4700316 59036410 612 2751187 34551933 12 192842 3735317 0 0 0
1690498082569925 100 0 50 50 100 100 0 0 0 0 0 0 0 50 50 0 100 100 50 0 0 0 1417392 787473 0 1067 442087 236189 42150814 8558 3409 386903675 386903675 0 0 0 0.000000 39 468 1500104 19487226 196 522 0.674961 1200 4700316 59036410 600 2687095 34131980 12 192842 3735317 0 0 0
1690498082822715 100 0 51 49 100 100 0 0 0 0 0 0 0 49 49 0 100 100 51 0 0 0 1417392 787888 0 1085 442165 236216 42403012 8569 3409 399825923 399825923 0 0 0 0.000000 38 456 1486586 18985115 22 474 0.674878 1200 4700316 59036410 588 2655171 33709638 12 192842 3735317 0 0 0
1690498083144201 100 0 52 48 100 100 0 0 0 0 0 0 0 48 48 0 100 100 52 0 0 0 1417393 788227 0 1104 442212 236257 42723991 8601 3409 412896740 412896740 0 0 0 0.000000 39 468 1525707 19484674 2027 626 0.674816 1200 4700316 59036410 576 2623247 33287842 12 192842 3735317 0 0 0
1690498083315827 100 0 53 47 100 100 0 0 0 0 0 0 0 47 47 0 100 100 53 0 0 0 1417393 788623 0 1125 442255 263135 42868208 8613 3409 425088208 425088208 0 0 0 0.000000 40 480 1564827 19983860 508 616 0.674771 1200 4700316 59036410 564 2559131 32866100 12 192842 3735317 0 0 0
1690498083508470 100 0 54 46 100 100 0 0 0 0 0 0 0 46 46 0 100 100 54 0 0 0 1417395 789073 0 1143 442338 263176 43060192 8641 3409 436047631 436047631 0 0 0 0.000000 40 480 1591107 19982477 22 559 0.674738 1200 4700316 59036410 552 2430598 31970857 12 192842 3735317 0 0 0
1690498083509326 100 0 55 45 100 100 0 0 0 0 0 0 0 45 45 0 100 100 55 0 0 0 1417396 789417 0 1161 442382 263208 43060543 8673 3409 447934332 447934332 0 0 0 0.000000 40 480 1669971 20367684 76 513 0.674713 1200 4700316 59036410 540 2302065 31077544 12 192842 3735317 0 0 0
1690498083528314 100 0 56 44 100 100 0 0 0 0 0 0 0 44 44 0 100 100 56 0 0 0 1417396 789760 0 1179 442426 263238 43079041 8696 3409 459735409 459735409 0 0 0 0.000000 39 468 1705115 20233689 24 466 0.674695 1200 4700316 59036410 528 2270141 30656125 12 192842 3735317 0 0 0
1690498083543563 100 0 57 43 100 100 0 0 0 0 0 0 0 43 43 0 100 100 57 0 0 0 1417396 790101 0 1197 442470 263266 43093817 8709 3409 471957348 471957348 0 0 0 0.000000 39 468 1705115 20233467 44 425 0.674682 1200 4700316 59036410 516 2141608 29743817 12 192842 3735317 0 0 0
1690498083544539 100 0 58 42 100 100 0 0 0 0 0 0 0 42 42 0 100 100 58 0 0 0 1417396 790443 0 1215 442507 263293 43094329 8722 3409 484279171 484279171 0 0 0 0.000000 40 480 1827700 21151676 61 390 0.674672 1200 4700316 59036410 504 2046564 26009115 12 192842 3735317 0 0 0
1690498083614873 100 0 59 41 100 100 0 0 0 0 0 0 0 41 41 0 100 100 59 0 0 0 1417397 790771 0 1241 442551 263319 43164204 8733 3409 496178277 496178277 0 0 0 0.000000 41 492 1926207 24452554 119 365 0.674665 1200 4700316 59036410 492 2014640 25585900 12 192842 3735317 0 0 0
1690498083895711 100 0 60 40 100 100 0 0 0 0 0 0 0 40 40 0 100 100 60 0 0 0 1417397 791127 0 1260 442598 263350 43444535 8745 3409 510171982 510171982 0 0 0 0.000000 42 504 1973188 25049113 46 335 0.674660 1200 4700316 59036410 480 1982716 25163251 12 192842 3735317 0 0 0
1690498083968893 100 0 61 39 100 100 0 0 0 0 0 0 0 39 39 0 100 100 61 0 0 0 1417397 791436 0 1278 442649 263380 43517235 8789 3409 524142097 524142097 0 0 0 0.000000 43 516 2020169 25645458 2095 507 0.674656 1200 4700316 59036410 468 1950792 24741851 12 192842 3735317 0 0 0
1690498084701051 100 0 62 38 100 100 0 0 0 0 0 0 0 38 38 0 100 100 62 0 0 0 1417398 791787 0 1299 442690 263413 44248906 8801 3409 536301259 536301259 0 0 0 0.000000 44 528 2067149 26241332 283 486 0.674653 1200 4700316 59036410 456 1855748 21006534 12 192842 3735317 0 0 0
1690498085395153 100 0 63 37 100 100 0 0 0 0 0 0 0 37 37 0 100 100 63 0 0 0 1417401 792181 0 1316 442735 263444 44942447 8843 3409 549151191 549151191 0 0 0 0.000000 45 540 2114123 29447741 89 449 0.674651 1200 4700316 59036410 444 1760697 20112453 12 192842 3735317 0 0 0
1690498085425321 100 0 64 36 100 100 0 0 0 0 0 0 0 36 36 0 100 100 64 0 0 0 1417402 792490 0 1335 442778 263472 44972158 8873 3409 562688586 562688586 0 0 0 0.000000 47 564 2237757 31208118 99 416 0.674650 1200 4700316 59036410 432 1728773 19689697 12 192842 3735317 0 0 0
1690498085459692 100 0 65 35 100 100 0 0 0 0 0 0 0 35 35 0 100 100 65 0 0 0 1417402 792930 0 1354 442819 263503 45005927 8917 3409 576355738 576355738 0 0 0 0.000000 49 588 2332980 32536374 32 379 0.674649 1200 4700316 59036410 420 1664786 19267728 12 192842 3735317 0 0 0
1690498086193134 100 0 66 34 100 100 0 0 0 0 0 0 0 34 34 0 100 100 66 0 0 0 1417405 793310 0 1375 442894 263556 45738772 8948 3409 590088177 590088177 0 0 0 0.000000 50 600 2413310 33200760 41 347 0.674648 1200 4700316 59036410 408 1536158 18845510 12 192842 3735317 0 0 0
1690498086752125 100 0 67 33 100 100 0 0 0 0 0 0 0 33 33 0 100 100 67 0 0 0 1417406 793601 0 1393 442939 263596 46297308 8977 3409 607129773 607129773 0 0 0 0.000000 53 636 2627887 35192882 107 324 0.674647 1200 4700316 59036410 396 1504234 18422087 12 192842 3735317 0 0 0
1690498087095596 100 0 68 32 100 100 0 0 0 0 0 0 0 32 32 0 100 100 68 0 0 0 1417406 793921 0 1412 442985 263625 46640308 9008 3409 624406291 624406291 0 0 0 0.000000 58 696 2837695 38513821 4852 767 0.674647 1200 4700316 59036410 384 1311392 18021282 12 192842 3735317 0 0 0
1690498087243475 100 0 69 31 100 100 0 0 0 0 0 0 0 31 31 0 100 100 69 0 0 0 1417408 794225 0 1428 443025 263650 46787760 9019 3409 639935808 639935808 0 0 0 0.000000 65 780 3393639 43134080 659 757 0.674646 1200 4700316 59036410 372 1279468 17597563 12 192842 3735317 0 0 0
1690498087251562 100 0 70 30 100 100 0 0 0 0 0 0 0 30 30 0 100 100 70 0 0 0 1417410 794528 0 1447 443067 263675 46795414 9031 3409 655366910 655366910 0 0 0 0.000000 71 852 3660252 47118503 43 689 0.674646 1200 4700316 59036410 360 1247544 16700537 12 192842 3735317 0 0 0
1690498087282158 100 0 71 29 100 100 0 0 0 0 0 0 0 29 29 0 100 100 71 0 0 0 1417412 794981 0 1464 443115 263719 46825373 9061 3409 672791684 672791684 0 0 0 0.000000 68 816 3505593 45786241 23 625 0.674646 1200 4700316 59036410 348 1215620 16277904 12 192842 3735317 0 0 0
1690498087354680 100 0 72 28 100 100 0 0 0 0 0 0 0 28 28 0 100 100 72 0 0 0 1417414 795280 0 1482 443158 263746 46897464 9072 3409 689989696 689989696 0 0 0 0.000000 71 852 3660252 47805548 4146 970 0.674646 1200 4700316 59036410 336 1183696 15854780 12 192842 3735317 0 0 0
1690498087495404 100 0 73 27 100 100 0 0 0 0 0 0 0 27 27 0 100 100 73 0 0 0 1417416 795689 0 1503 443245 263772 47037585 9103 3409 707748235 707748235 0 0 0 0.000000 73 876 3763358 49151882 4162 1282 0.674646 1200 4700316 59036410 324 1151772 15433345 12 192842 3735317 0 0 0
1690498087553601 100 0 74 26 100 100 0 0 0 0 0 0 0 26 26 0 100 100 74 0 0 0 1417417 796135 0 1523 443337 263800 47095153 9115 3409 725439643 725439643 0 0 0 0.000000 73 876 3763358 49149901 4218 1569 0.674646 1200 4700316 59036410 312 1119848 15011614 12 192842 3735317 0 0 0
1690498087672723 100 0 75 25 100 100 0 0 0 0 0 0 0 25 25 0 100 100 75 0 0 0 1417417 796510 0 1544 443383 263829 47213740 9127 3409 742933033 742933033 0 0 0 0.000000 74 888 3814910 49822665 1823 1595 0.674646 1200 4700316 59036410 300 1087924 14588056 12 192842 3735317 0 0 0
1690498087814829 100 0 76 24 100 100 0 0 0 0 0 0 0 24 24 0 100 100 76 0 0 0 1417419 796827 0 1562 443439 263855 47355362 9166 3409 760582082 760582082 0 0 0 0.000000 75 900 3866463 50495814 605 1499 0.674646 1200 4700316 59036410 288 1056000 14164720 12 192842 3735317 0 0 0
1690498088134259 100 0 77 23 100 100 0 0 0 0 0 0 0 23 23 0 100 100 77 0 0 0 1417420 797136 0 1590 443481 263900 47674332 9177 3409 777642061 777642061 0 0 0 0.000000 76 912 3918016 51172254 1361 1487 0.674646 1200 4700316 59036410 276 991884 13743080 12 192842 3735317 0 0 0
1690498088184600 100 0 78 22 100 100 0 0 0 0 0 0 0 22 22 0 100 100 78 0 0 0 1417421 797485 0 1609 443526 263929 47724190 9189 3409 795928132 795928132 0 0 0 0.000000 72 864 3759107 48478660 32 1346 0.674646 1200 4700316 59036410 264 959960 13320422 12 192842 3735317 0 0 0
1690498088225313 100 0 79 21 100 100 0 0 0 0 0 0 0 21 21 0 100 100 79 0 0 0 1417425 797893 0 1630 443607 263955 47764294 9229 3409 814338694 814338694 0 0 0 0.000000 74 888 3863527 49826591 4847 1689 0.674646 1200 4700316 59036410 252 928036 12899153 12 192842 3735317 0 0 0
1690498088302767 100 0 80 20 100 100 0 0 0 0 0 0 0 20 20 0 100 100 80 0 0 0 1417428 798197 0 1648 443651 263981 47841269 9284 3409 832544534 832544534 0 0 0 0.000000 79 948 4072675 53189794 800 1603 0.674646 1200 4700316 59036410 240 896112 12475605 12 192842 3735317 0 0 0
1690498088602842 100 0 81 19 100 100 0 0 0 0 0 0 0 19 19 0 100 100 81 0 0 0 1417430 798547 0 1667 443727 264007 48140798 9330 3409 851221067 851221067 0 0 0 0.000000 80 960 4124227 53865496 267 1474 0.674646 1200 4700316 59036410 228 864188 12053760 12 192842 3735317 0 0 0
1690498088676906 100 0 82 18 100 100 0 0 0 0 0 0 0 18 18 0 100 100 82 0 0 0 1417432 798931 0 1685 443807 264033 48214296 9358 3409 870089198 870089198 0 0 0 0.000000 80 960 4124227 53865989 572 1387 0.674646 1200 4700316 59036410 216 832264 11631619 12 192842 3735317 0 0 0
1690498089058236 100 0 83 17 100 100 0 0 0 0 0 0 0 17 17 0 100 100 83 0 0 0 1417433 801161 0 1741 522202 264061 48514880 9401 3409 888991596 888991596 0 0 0 0.000000 81 972 4175780 54538157 653 1317 0.674646 1200 4700316 59036410 204 800340 11209208 12 192842 3735317 0 0 0
1690498089152993 100 0 84 16 100 100 0 0 0 0 0 0 0 16 16 0 100 100 84 0 0 0 1417435 810262 0 1764 579218 264086 48514936 9424 3409 908055413 908055413 0 0 0 0.000000 81 972 4175780 54539759 149 1204 0.687497 1200 4700316 59036410 192 768416 10786471 12 192842 3735317 0 0 0
1690498089256449 100 0 85 15 100 100 0 0 0 0 0 0 0 15 15 0 100 100 85 0 0 0 1417435 816176 0 1785 585101 264110 48514968 9437 3409 927263975 927263975 0 0 0 0.000000 80 960 4124227 53866908 101 1097 0.697964 1200 4700316 59036410 180 736492 10362978 12 192842 3735317 0 0 0
1690498089707638 100 0 86 14 100 100 0 0 0 0 0 0 0 14 14 0 100 100 86 0 0 0 1417437 816719 0 1821 585155 264163 48961074 9462 3409 945661227 945661227 0 0 0 0.000000 86 1032 4377044 57908264 208 1011 0.691787 1200 4700316 59036410 168 607959 9469953 12 192842 3735317 0 0 0
1690498089876206 100 0 87 13 100 100 0 0 0 0 0 0 0 13 13 0 100 100 87 0 0 0 1417439 817007 0 1838 585200 264191 49129203 9494 3409 965695436 965695436 0 0 0 0.000000 85 1020 4493735 58049920 97 923 0.687246 1200 4700316 59036410 156 576035 9046403 12 192842 3735317 0 0 0
1690498090086522 100 0 88 12 100 100 0 0 0 0 0 0 0 12 12 0 100 100 88 0 0 0 1417440 817291 0 1856 585246 264224 49339078 9523 3409 985696234 985696234 0 0 0 0.000000 86 1032 4546603 58733895 5393 1360 0.683908 1200 4700316 59036410 144 544111 8150598 12 192842 3735317 0 0 0
1690498090089981 100 0 89 11 100 100 0 0 0 0 0 0 0 11 11 0 100 100 89 0 0 0 1417440 817682 0 1876 585330 264247 49341979 9535 3409 1003816287 1003816287 0 0 0 0.000000 87 1044 4599470 60255734 350 1262 0.681454 1200 4700316 59036410 132 512187 7727349 12 192842 3735317 0 0 0
1690498090280131 100 0 90 10 100 100 0 0 0 0 0 0 0 10 10 0 100 100 90 0 0 0 1417441 818109 0 1895 585422 264273 49531523 9547 3409 1024090376 1024090376 0 0 0 0.000000 83 996 4388000 57488014 36 1143 0.679651 1200 4700316 59036410 120 480263 7303791 12 192842 3735317 0 0 0
1690498090335135 100 0 91 9 100 100 0 0 0 0 0 0 0 9 9 0 100 100 91 0 0 0 1417442 818406 0 1912 585474 264304 49586083 9561 3409 1043235110 1043235110 0 0 0 0.000000 83 996 4388000 57489136 398 1071 0.678325 1200 4700316 59036410 108 351635 6881472 12 192842 3735317 0 0 0
1690498090348295 100 0 92 8 100 100 0 0 0 0 0 0 0 8 8 0 100 100 92 0 0 0 1417442 818706 0 1930 585519 264327 49598788 9602 3409 1062948455 1062948455 0 0 0 0.000000 88 1056 4768313 55003104 211 988 0.677350 1200 4700316 59036410 96 319711 6458511 12 192842 3735317 0 0 0
1690498090369507 100 0 93 7 100 100 0 0 0 0 0 0 0 7 7 0 100 100 93 0 0 0 1417445 819126 0 1950 585594 264351 49619419 9614 3409 1082320096 1082320096 0 0 0 0.000000 85 1020 4605757 53129653 41 896 0.676634 1200 4700316 59036410 84 255660 2724511 12 192842 3735317 0 0 0
1690498090404111 100 0 94 6 100 100 0 0 0 0 0 0 0 6 6 0 100 100 94 0 0 0 1417445 819440 0 1969 585639 264386 49653558 9638 3409 1101420302 1101420302 0 0 0 0.000000 82 984 4496964 56794310 42 814 0.676107 1200 4700316 59036410 72 191544 2300799 12 192842 3735317 0 0 0
1690498090505845 100 0 95 5 100 100 0 0 0 0 0 0 0 5 5 0 100 100 95 0 0 0 1417447 819724 0 1987 585688 264412 49754862 9651 3409 1122070769 1122070769 0 0 0 0.000000 77 924 4273346 53335078 25 738 0.675720 1200 4700316 59036410 60 159620 1878304 12 192842 3735317 0 0 0
1690498090582043 100 0 96 4 100 100 0 0 0 0 0 0 0 4 4 0 100 100 96 0 0 0 1417448 820018 0 2004 585730 264436 49830610 9694 3409 1142657267 1142657267 0 0 0 0.000000 81 972 4495338 56105041 5745 1227 0.675435 1200 4700316 59036410 48 127696 1455215 12 192842 3735317 0 0 0
1690498090621208 100 0 97 3 100 100 0 0 0 0 0 0 0 3 3 0 100 100 97 0 0 0 1417450 820316 0 2022 585774 264460 49869345 9711 3409 1163097488 1163097488 0 0 0 0.000000 85 1020 4717330 58878168 500 1157 0.675226 1200 4700316 59036410 36 95772 1032396 12 192842 3735317 0 0 0
1690498090684791 100 0 98 2 100 100 0 0 0 0 0 0 0 2 2 0 100 100 98 0 0 0 1417450 820646 0 2041 585819 264485 49932444 9748 3409 1183833248 1183833248 0 0 0 0.000000 91 1092 5050318 63033736 741 1118 0.675072 1200 4700316 59036410 24 63848 610089 12 192842 3735317 0 0 0
1690498091305918 100 0 99 1 100 100 0 0 0 0 0 0 0 1 1 0 100 100 99 0 0 0 1417451 820969 0 2060 585863 264521 50553103 9760 3409 1205067377 1205067377 0 0 0 0.000000 92 1104 5045617 63727544 421 1051 0.674959 1200 4700316 59036410 12 31924 423263 12 192842 3735317 0 0 0
1690498094355519 100 0 99 1 100 100 0 0 0 0 0 0 0 1 1 1 100 100 99 0 0 0 1417455 820971 0 2060 585913 264537 53602397 9773 3409 1228206384 1205067377 0 0 0 0.000000 98 1176 5310342 67417434 345 1016 0.620387 1200 4700316 59036410 12 31924 423263 12 192842 3735317 0 0 0
1690498094355772 100 0 100 0 100 100 0 0 0 0 0 0 0 0 0 0 100 100 100 0 0 0 1417455 821333 0 2080 585917 264560 53602397 9773 3409 1228206384 1228206384 0 0 0 0.000000 98 1176 5310342 67417434 345 952 0.643303 1200 4700316 59036410 0 0 0 12 192842 3735317 0 0 0
1690498099372709 100 0 99 1 100 100 0 0 0 0 0 0 0 1 1 0 101 101 100 0 0 0 1417743 821343 0 2080 586002 274294 58608203 10633 3413 1228206384 1228206384 0 0 0 0.000000 98 1176 5310342 67419276 266 886 0.560767 1200 4700316 59036410 12 31924 421856 12 192842 3735317 0 0 0
1690498429951385 100 0 99 1 100 100 0 0 0 0 0 0 0 1 1 1 101 101 100 0 0 0 1418288 821747 0 2080 624022 388618 389031166 11857 3413 1563800029 1228206384 0 0 0 0.000000 98 1176 5310342 67419276 266 723 0.512821 1200 4700316 59036415 12 31924 421856 12 192842 3735309 0 0 0
1690498429951682 100 0 100 0 100 100 0 0 0 0 0 0 0 0 0 0 101 101 101 0 0 0 1418289 822250 0 2102 624025 388651 389031166 11857 3413 1563800029 1563800029 0 0 0 0.000000 98 1176 5310342 67419276 266 680 0.555689 1200 4700316 59036415 0 0 0 12 192842 3735309 0 0 0
1690498429971653 0 0 0 0 0 100 100 100 0 0 0 0 0 0 0 0 101 101 101 0 0 0 1418289 822250 0 2102 624025 388651 389031166 11857 3413 1563800029 1563800029 0 0 0 0.000000 137 1644 7423642 94249564 293095 15301 0.555689 0 0 0 0 0 0 0 0 0 0 0 0
