# timestamp workers_connected workers_init workers_idle workers_busy workers_able workers_joined workers_removed workers_released workers_idled_out workers_blocked workers_slow workers_lost tasks_waiting tasks_on_workers tasks_running tasks_with_results tasks_submitted tasks_dispatched tasks_done tasks_failed tasks_cancelled tasks_exhausted_attempts time_send time_receive time_send_good time_receive_good time_status_msgs time_internal time_polling time_application time_scheduling time_execute time_execute_good time_execute_exhaustion bytes_sent bytes_received bandwidth capacity_tasks capacity_cores capacity_memory capacity_disk capacity_instantaneous capacity_weighted manager_load total_cores total_memory total_disk committed_cores committed_memory committed_disk max_cores max_memory max_disk min_cores min_memory min_disk
1690507321844415 0 0 0 0 0 0 0 0 0 0 0 0 0 0 0 0 0 0 0 0 0 0 0 0 0 0 0 0 0 0 0 0 0 0 0 0 1.000000 0 0 0 0 0 0 0.000000 0 0 0 0 0 0 0 0 0 0 0 0
1690507321848928 0 0 0 0 0 0 0 0 0 0 0 0 0 0 0 0 0 0 0 0 0 0 0 0 0 0 0 0 0 0 0 0 0 0 0 0 1.000000 10 10 5120 10240 10 10 0.000000 0 0 0 0 0 0 0 0 0 0 0 0
1690507322893918 0 0 0 0 0 0 0 0 0 0 0 0 1 0 0 0 0 0 0 0 0 0 0 0 0 0 0 0 0 0 0 0 0 0 0 0 1.000000 10 10 5120 10240 10 10 0.000000 0 0 0 0 0 0 0 0 0 0 0 0
1690507324012643 97 0 3 94 96 97 0 0 0 0 0 0 6 94 78 0 100 93 0 0 0 0 776576 423 0 0 48078 62834 222518 1052518 5214 0 0 0 0 0 1.000000 10 10 5120 10240 10 10 0.403359 1128 4332855 52679444 1116 4268763 52259801 12 176715 3735000 0 0 0
1690507324066374 97 0 0 97 97 97 0 0 0 0 0 0 2 97 80 0 100 98 1 0 0 0 829417 1077 0 35 48445 62887 222646 1052518 5646 1096783 1096783 0 0 0 1.000000 10 10 5120 10240 10 10 0.434912 1164 4491754 54415996 1164 4491754 54415996 12 176715 3735000 0 0 0
1690507324067349 97 0 0 97 97 97 0 0 0 0 0 0 1 97 79 0 100 99 2 0 0 0 829740 1504 0 60 48479 62904 222663 1052633 5762 2189742 2189742 0 0 0 1.000000 147 1764 4692828 62085156 147 24 0.465508 1164 4491754 54415996 1164 4491754 54415996 12 176715 3735000 0 0 0
1690507324089399 97 0 0 97 97 97 0 0 0 0 0 0 0 97 81 0 100 100 3 0 0 0 850939 2043 0 76 48641 62932 222715 1052665 5875 3292207 3292207 0 0 0 1.000000 116 1392 5562838 48937152 96 32 0.499264 1164 4491754 54415996 1164 4491754 54415996 12 176715 3735000 0 0 0
1690507324091306 97 0 3 94 97 97 0 0 0 0 0 0 0 94 78 0 100 100 6 0 0 0 850940 3786 0 170 48697 62954 222732 1052695 5875 6604062 6604062 0 0 0 1.000000 66 792 2530216 27840358 47 38 0.620302 1164 4491754 54415996 1128 4395982 53150210 12 176715 3735000 0 0 0
1690507324091406 97 0 3 94 97 97 0 0 0 0 0 0 0 94 78 0 100 100 6 0 0 0 850940 3786 0 170 48697 62975 222732 1052727 5875 6604062 6604062 0 0 0 1.000000 60 720 2236070 25306050 42 39 0.620302 1164 4491754 54415996 1128 4395982 53150210 12 176715 3735000 0 0 0
1690507324091485 97 0 3 94 97 97 0 0 0 0 0 0 0 94 78 0 100 100 6 0 0 0 850940 3786 0 170 48697 62995 222732 1052749 5875 6604062 6604062 0 0 0 1.000000 60 720 2236070 25306050 42 40 0.620302 1164 4491754 54415996 1128 4395982 53150210 12 176715 3735000 0 0 0
1690507324144309 97 0 4 93 97 97 0 0 0 0 0 0 0 93 78 0 100 100 7 0 0 0 850944 6436 0 200 48777 63025 272734 1052768 5875 7711691 7711691 0 0 0 1.000000 60 720 2236070 25306050 42 42 0.626994 1164 4491754 54415996 1116 4364058 52727193 12 176715 3735000 0 0 0
1690507324175469 97 0 5 92 97 97 0 0 0 0 0 0 0 92 77 0 100 100 8 0 0 0 850946 6709 0 217 48835 63064 303452 1052796 5875 8812577 8812577 0 0 0 1.000000 67 804 2445797 28270382 194 58 0.631435 1164 4491754 54415996 1104 4332134 52305161 12 176715 3735000 0 0 0
1690507324183445 97 0 6 91 97 97 0 0 0 0 0 0 0 91 76 0 100 100 9 0 0 0 850948 6954 0 232 48904 63091 311010 1052826 5875 9919546 9919546 0 0 0 1.000000 60 720 2155913 25317405 35 56 0.634380 1164 4491754 54415996 1092 4300210 51883061 12 176715 3735000 0 0 0
1690507324188586 97 0 7 90 97 97 0 0 0 0 0 0 0 90 75 0 100 100 10 0 0 0 850951 7293 0 248 49018 63741 314967 1052850 5875 11026153 11026153 0 0 0 1.000000 59 708 2093707 24896388 55 56 0.636334 1164 4491754 54415996 1080 4268286 51462099 12 176715 3735000 0 0 0
1690507324192792 97 0 8 89 97 97 0 0 0 0 0 0 0 89 74 0 100 100 11 0 0 0 850953 7613 0 264 49118 63770 318651 1052877 5875 12134987 12134987 0 0 0 1.000000 55 660 1932167 23202938 33 54 0.637631 1164 4491754 54415996 1068 4236362 51038790 12 176715 3735000 0 0 0
1690507324202907 97 0 9 88 97 97 0 0 0 0 0 0 0 88 73 0 100 100 12 0 0 0 850955 7867 0 280 49178 63813 328343 1052901 5875 13241801 13241801 0 0 0 1.000000 59 708 2055491 24898135 277 77 0.638491 1164 4491754 54415996 1056 4204438 50617377 12 176715 3735000 0 0 0
1690507324206416 97 0 10 87 97 97 0 0 0 0 0 0 0 87 72 0 100 100 13 0 0 0 850957 8134 0 297 49239 63853 331414 1052929 5875 14348473 14348473 0 0 0 1.000000 53 636 1833584 22363518 26 73 0.639062 1164 4491754 54415996 1044 4172514 50195804 12 176715 3735000 0 0 0
1690507324226448 97 0 11 86 97 97 0 0 0 0 0 0 0 86 71 0 100 100 14 0 0 0 850959 8403 0 314 49303 63893 351007 1052952 5875 15440362 15440362 0 0 0 1.000000 57 684 1960252 24049664 288 95 0.639440 1164 4491754 54415996 1032 4140590 49773672 12 176715 3735000 0 0 0
1690507324407237 97 0 12 85 97 97 0 0 0 0 0 0 0 85 70 0 100 100 15 0 0 0 850963 8787 0 331 49439 63942 531152 1052976 5875 16550445 16550445 0 0 0 1.000000 60 720 2052853 25316328 284 114 0.639691 1164 4491754 54415996 1020 4076474 49352410 12 176715 3735000 0 0 0
1690507324504438 97 0 13 84 97 97 0 0 0 0 0 0 0 84 69 0 100 100 16 0 0 0 850966 9046 0 349 49525 63974 627909 1053002 5875 17665673 17665673 0 0 0 1.000000 64 768 2317291 27001195 329 136 0.639858 1164 4491754 54415996 1008 4044550 48930714 12 176715 3735000 0 0 0
1690507324539804 97 0 14 83 97 97 0 0 0 0 0 0 0 83 68 0 100 100 17 0 0 0 850968 9411 0 367 49603 64004 662728 1053032 5875 18760364 18760364 0 0 0 1.000000 67 804 2407976 28266048 277 151 0.639969 1164 4491754 54415996 996 4012626 48507915 12 176715 3735000 0 0 0
1690507324541758 97 0 15 82 97 97 0 0 0 0 0 0 0 82 67 0 100 100 18 0 0 0 850971 9815 0 384 49750 64043 664007 1053069 5875 19861882 19861882 0 0 0 1.000000 65 780 2320741 27425795 40 141 0.640042 1164 4491754 54415996 984 3980702 48086494 12 176715 3735000 0 0 0
1690507324542965 97 0 16 81 97 97 0 0 0 0 0 0 0 81 66 0 100 100 19 0 0 0 850975 10201 0 401 49826 64073 664639 1053106 5875 20970976 20970976 0 0 0 1.000000 66 792 2342586 27845844 105 139 0.640090 1164 4491754 54415996 972 3916586 47664657 12 176715 3735000 0 0 0
1690507324550482 97 0 17 80 97 97 0 0 0 0 0 0 0 80 65 0 100 100 20 0 0 0 850978 10552 0 419 49972 64125 671528 1053135 5875 22084860 22084860 0 0 0 1.000000 61 732 2257010 25736087 26 129 0.640123 1164 4491754 54415996 960 3821542 43929657 12 176715 3735000 0 0 0
1690507324551474 97 0 18 79 97 97 0 0 0 0 0 0 0 79 64 0 100 100 21 0 0 0 850979 11294 0 461 50041 64190 671564 1053169 5875 23192041 23192041 0 0 0 1.000000 57 684 2274434 33490801 24 119 0.649268 1164 4491754 54415996 948 3757426 43507437 12 176715 3735000 0 0 0
1690507324555764 97 0 19 78 97 97 0 0 0 0 0 0 0 78 63 0 100 100 22 0 0 0 850981 11630 0 481 50121 64219 675336 1053197 5875 24309321 24309321 0 0 0 1.000000 57 684 2340157 33042026 62 115 0.646211 1164 4491754 54415996 936 3662375 42614446 12 176715 3735000 0 0 0
1690507324586187 97 0 20 77 97 97 0 0 0 0 0 0 0 77 62 0 100 100 23 0 0 0 850984 12039 0 499 50276 64258 705075 1053227 5875 25400592 25400592 0 0 0 1.000000 57 684 2480055 33853775 63 111 0.644183 1164 4491754 54415996 924 3630451 42193217 12 176715 3735000 0 0 0
1690507324588249 97 0 21 76 97 97 0 0 0 0 0 0 0 76 61 0 100 100 24 0 0 0 850985 12455 0 517 50354 64289 706541 1053254 5875 26511457 26511457 0 0 0 1.000000 59 708 2537354 34598621 279 128 0.642838 1164 4491754 54415996 912 3566335 41770029 12 176715 3735000 0 0 0
1690507324591488 97 0 22 75 97 97 0 0 0 0 0 0 0 75 60 0 100 100 25 0 0 0 850986 12747 0 535 50439 64320 709302 1053281 5875 27615816 27615816 0 0 0 1.000000 61 732 2677021 35356582 279 144 0.641946 1164 4491754 54415996 900 3534411 41346780 12 176715 3735000 0 0 0
1690507324595185 97 0 23 74 97 97 0 0 0 0 0 0 0 74 59 0 100 100 26 0 0 0 850989 13448 0 573 50586 64404 711979 1053315 5875 28713061 28713061 0 0 0 1.000000 63 756 2734649 36121769 313 161 0.641353 1164 4491754 54415996 888 3502487 40924440 12 176715 3735000 0 0 0
1690507324600947 97 0 24 73 97 97 0 0 0 0 0 0 0 73 58 0 100 100 27 0 0 0 850991 13819 0 590 50650 64432 717195 1053348 5875 29808953 29808953 0 0 0 1.000000 65 780 2792755 36890938 180 163 0.640961 1164 4491754 54415996 876 3470563 40503454 12 176715 3735000 0 0 0
1690507324602338 97 0 25 72 97 97 0 0 0 0 0 0 0 72 57 0 100 100 28 0 0 0 850994 14175 0 608 50809 64470 717950 1053380 5875 30908086 30908086 0 0 0 1.000000 66 792 2808731 37100216 208 169 0.640700 1164 4491754 54415996 864 3438639 40080946 12 176715 3735000 0 0 0
1690507324607206 97 0 26 71 97 97 0 0 0 0 0 0 0 71 56 0 100 100 29 0 0 0 850997 14590 0 632 50957 64508 722138 1053409 5875 32006653 32006653 0 0 0 1.000000 68 816 2868022 37885397 290 182 0.640527 1164 4491754 54415996 852 3406715 39659577 12 176715 3735000 0 0 0
1690507324620466 97 0 27 70 97 97 0 0 0 0 0 0 0 70 55 0 100 100 30 0 0 0 851000 14920 0 650 51042 64538 734876 1053439 5875 33127900 33127900 0 0 0 1.000000 69 828 2885804 38119498 129 178 0.640412 1164 4491754 54415996 840 3374791 38763017 12 176715 3735000 0 0 0
1690507324643467 97 0 28 69 97 97 0 0 0 0 0 0 0 69 54 0 100 100 31 0 0 0 851003 15221 0 668 51133 64568 757378 1053469 5875 34226969 34226969 0 0 0 1.000000 71 852 2946022 40038789 142 176 0.640336 1164 4491754 54415996 828 3342867 38342195 12 176715 3735000 0 0 0
1690507324665880 97 0 29 68 97 97 0 0 0 0 0 0 0 68 53 0 100 100 32 0 0 0 851007 15549 0 688 51212 64596 779281 1053498 5875 35334995 35334995 0 0 0 1.000000 72 864 2965290 40270344 284 188 0.640286 1164 4491754 54415996 816 3310943 37920594 12 176715 3735000 0 0 0
1690507324712331 97 0 30 67 97 97 0 0 0 0 0 0 0 67 52 0 100 100 33 0 0 0 851011 15953 0 707 51363 64634 825057 1053526 5875 36427047 36427047 0 0 0 1.000000 74 888 3026244 41070512 288 198 0.640252 1164 4491754 54415996 804 3246892 34188615 12 176715 3735000 0 0 0
1690507324717928 97 0 32 65 97 97 0 0 0 0 0 0 0 65 50 0 100 100 35 0 0 0 851013 16739 0 747 51487 64665 829633 1053560 5875 38628195 38628195 0 0 0 1.000000 69 828 2850555 44470823 56 176 0.670676 1164 4491754 54415996 780 3183044 33344408 12 176715 3735000 0 0 0
1690507324718044 97 0 32 65 97 97 0 0 0 0 0 0 0 65 50 0 100 100 35 0 0 0 851013 16739 0 747 51487 64691 829633 1053595 5875 38628195 38628195 0 0 0 1.000000 67 804 2749958 42758265 32 169 0.670676 1164 4491754 54415996 780 3183044 33344408 12 176715 3735000 0 0 0
1690507324719296 97 0 33 64 97 97 0 0 0 0 0 0 0 64 49 0 100 100 36 0 0 0 851015 17115 0 771 51627 64730 830243 1053627 5875 39736125 39736125 0 0 0 1.000000 67 804 2749958 42758265 32 157 0.660414 1164 4491754 54415996 768 3151120 32921678 12 176715 3735000 0 0 0
1690507324722366 97 0 34 63 97 97 0 0 0 0 0 0 0 63 48 0 100 100 37 0 0 0 851017 17462 0 789 51709 64761 832772 1053659 5875 40845485 40845485 0 0 0 1.000000 66 792 2692194 41725085 42 147 0.653606 1164 4491754 54415996 756 3119196 32500192 12 176715 3735000 0 0 0
1690507324723933 97 0 35 62 97 97 0 0 0 0 0 0 0 62 47 0 100 100 38 0 0 0 851020 17807 0 808 51843 64811 833724 1053690 5875 41952397 41952397 0 0 0 1.000000 67 804 2716928 41975723 134 147 0.649089 1164 4491754 54415996 744 3087272 32077236 12 176715 3735000 0 0 0
1690507324793293 97 0 36 61 97 97 0 0 0 0 0 0 0 61 46 0 100 100 39 0 0 0 851021 18133 0 827 51932 64846 902552 1053723 5875 43054997 43054997 0 0 0 1.000000 66 792 2661393 40995690 41 137 0.646093 1164 4491754 54415996 732 3055348 31655690 12 176715 3735000 0 0 0
1690507324802816 97 0 37 60 97 97 0 0 0 0 0 0 0 60 45 0 100 100 40 0 0 0 851025 18517 0 850 52076 64889 911405 1053755 5875 44161346 44161346 0 0 0 1.000000 67 804 2687286 41273933 329 157 0.644105 1164 4491754 54415996 720 3023424 31233504 12 176715 3735000 0 0 0
1690507324809234 97 0 38 59 97 97 0 0 0 0 0 0 0 59 44 0 100 100 41 0 0 0 851030 18869 0 877 52195 64933 917213 1053793 5875 45271008 45271008 0 0 0 1.000000 68 816 2713481 41560429 128 155 0.642786 1164 4491754 54415996 708 2991500 30811056 12 176715 3735000 0 0 0
1690507324820481 97 0 40 57 97 97 0 0 0 0 0 0 0 57 42 0 100 100 43 0 0 0 851032 19882 0 923 52346 64978 927165 1053825 5875 47503653 47503653 0 0 0 1.000000 70 840 2820342 42151979 250 156 0.672193 1164 4491754 54415996 684 2895460 29968518 12 176715 3735000 0 0 0
1690507324820602 97 0 40 57 97 97 0 0 0 0 0 0 0 57 42 0 100 100 43 0 0 0 851032 19882 0 923 52346 65006 927165 1053858 5875 47503653 47503653 0 0 0 1.000000 71 852 2846818 42455189 250 161 0.672193 1164 4491754 54415996 684 2895460 29968518 12 176715 3735000 0 0 0
1690507324886198 97 0 41 56 97 97 0 0 0 0 0 0 0 56 41 0 100 100 44 0 0 0 851033 20222 0 945 52459 65041 992196 1053885 5875 48601362 48601362 0 0 0 1.000000 71 852 2846818 42455189 250 171 0.661420 1164 4491754 54415996 672 2863536 29545794 12 176715 3735000 0 0 0
1690507324888980 97 0 42 55 97 97 0 0 0 0 0 0 0 55 40 0 100 100 45 0 0 0 851035 20555 0 965 52538 65088 994435 1053919 5875 49699904 49699904 0 0 0 1.000000 67 804 2673990 39796510 22 157 0.654274 1164 4491754 54415996 660 2831612 29124034 12 176715 3735000 0 0 0
1690507324889514 97 0 43 54 97 97 0 0 0 0 0 0 0 54 39 0 100 100 46 0 0 0 851037 20849 0 984 52623 65115 994482 1053954 5875 50806044 50806044 0 0 0 1.000000 64 768 2542901 37769645 21 145 0.659670 1164 4491754 54415996 648 2799688 28939221 12 176715 3735000 0 0 0
1690507324891733 97 0 44 53 97 97 0 0 0 0 0 0 0 53 38 0 100 100 47 0 0 0 851040 21205 0 1005 52703 65159 996139 1053983 5875 51902087 51902087 0 0 0 1.000000 62 744 2452911 36043018 24 134 0.653112 1164 4491754 54415996 636 2767764 28516316 12 176715 3735000 0 0 0
1690507324897930 97 0 46 51 97 97 0 0 0 0 0 0 0 51 36 0 100 100 49 0 0 0 851045 22184 0 1064 52861 65220 1001025 1054022 5875 54128677 54128677 0 0 0 1.000000 56 672 2197708 32185443 16 119 0.678376 1164 4491754 54415996 612 2703916 27671772 12 176715 3735000 0 0 0
1690507324898065 97 0 46 51 97 97 0 0 0 0 0 0 0 51 36 0 100 100 49 0 0 0 851045 22184 0 1064 52861 65269 1001025 1054059 5875 54128677 54128677 0 0 0 1.000000 55 660 2150246 31438722 28 115 0.678376 1164 4491754 54415996 612 2703916 27671772 12 176715 3735000 0 0 0
1690507324901005 97 0 47 50 97 97 0 0 0 0 0 0 0 50 35 0 100 100 50 0 0 0 851048 22490 0 1085 53002 65305 1003395 1054084 5875 55235712 55235712 0 0 0 1.000000 55 660 2150246 31438722 28 107 0.665522 1164 4491754 54415996 600 2671992 27249677 12 176715 3735000 0 0 0
1690507324911064 97 0 48 49 97 97 0 0 0 0 0 0 0 49 34 0 100 100 51 0 0 0 851063 22988 0 1107 55564 65345 1010253 1054117 5875 56332845 56332845 0 0 0 1.000000 53 636 2072055 30295222 24 100 0.656995 1164 4491754 54415996 588 2640068 26826706 12 176715 3735000 0 0 0
1690507324911998 97 0 50 47 97 97 0 0 0 0 0 0 0 47 32 0 100 100 53 0 0 0 851064 23732 0 1152 55616 65368 1010280 1054150 5875 58548394 58548394 0 0 0 1.000000 48 576 1939900 27439640 16 90 0.700360 1164 4491754 54415996 564 2479516 25981363 12 176715 3735000 0 0 0
1690507324912125 97 0 50 47 97 97 0 0 0 0 0 0 0 47 32 0 100 100 53 0 0 0 851064 23732 0 1152 55616 65416 1010280 1054180 5875 58548394 58548394 0 0 0 1.000000 45 540 1818656 25726102 13 87 0.700360 1164 4491754 54415996 564 2479516 25981363 12 176715 3735000 0 0 0
1690507324913587 97 0 51 46 97 97 0 0 0 0 0 0 0 46 31 0 100 100 54 0 0 0 851067 24105 0 1174 55766 65455 1011096 1054204 5875 59658928 59658928 0 0 0 1.000000 45 540 1818656 25726102 13 81 0.680107 1164 4491754 54415996 552 2447592 25558777 12 176715 3735000 0 0 0
1690507324917579 97 0 52 45 97 97 0 0 0 0 0 0 0 45 30 0 100 100 55 0 0 0 851069 24400 0 1193 55850 65503 1014571 1054243 5875 60762358 60762358 0 0 0 1.000000 44 528 1778242 25154459 17 75 0.666670 1164 4491754 54415996 540 2415668 25138053 12 176715 3735000 0 0 0
1690507324923786 97 0 53 44 97 97 0 0 0 0 0 0 0 44 29 0 100 100 56 0 0 0 851072 24732 0 1214 55961 65535 1020214 1054279 5875 61870167 61870167 0 0 0 1.000000 41 492 1656998 23438744 12 69 0.657756 1164 4491754 54415996 528 2351552 24716587 12 176715 3735000 0 0 0
1690507324928212 97 0 54 43 97 97 0 0 0 0 0 0 0 43 28 0 100 100 57 0 0 0 851073 25083 0 1239 56075 65566 1024058 1054313 5875 62969198 62969198 0 0 0 1.000000 39 468 1601791 22294156 14 65 0.651843 1164 4491754 54415996 516 2319628 23821248 12 176715 3735000 0 0 0
1690507324969750 97 0 55 42 97 97 0 0 0 0 0 0 0 42 27 0 100 100 58 0 0 0 851077 25647 0 1262 56337 65620 1064618 1054351 5875 64075356 64075356 0 0 0 1.000000 37 444 1519648 21508261 10 61 0.638927 1164 4491754 54415996 504 2287704 23399714 12 176715 3735000 0 0 0
1690507324970363 97 0 56 41 97 97 0 0 0 0 0 0 0 41 26 0 100 100 59 0 0 0 851079 26018 0 1283 56417 65650 1064665 1054390 5875 65174764 65174764 0 0 0 1.000000 37 444 1519648 21507834 304 86 0.648389 1164 4491754 54415996 492 2255780 22977236 12 176715 3735000 0 0 0
1690507324971666 97 0 57 40 97 97 0 0 0 0 0 0 0 40 25 0 100 100 60 0 0 0 851097 26399 0 1303 56579 65690 1065282 1054423 5875 66278930 66278930 0 0 0 1.000000 38 456 1560719 22090302 246 102 0.645628 1164 4491754 54415996 480 2223856 22553998 12 176715 3735000 0 0 0
1690507324972852 97 0 58 39 97 97 0 0 0 0 0 0 0 39 24 0 100 100 61 0 0 0 851098 26757 0 1328 56659 65723 1065898 1054460 5875 67372191 67372191 0 0 0 1.000000 38 456 1560719 22090247 248 117 0.643797 1164 4491754 54415996 468 2191932 22130589 12 176715 3735000 0 0 0
1690507324981310 97 0 59 38 97 97 0 0 0 0 0 0 0 38 23 0 100 100 62 0 0 0 851099 35034 0 1378 56706 65747 1065923 1054499 5875 68477250 68477250 0 0 0 1.000000 39 468 1601791 22673158 114 117 0.662370 1164 4491754 54415996 456 2160008 21708181 12 176715 3735000 0 0 0
1690507324983762 97 0 63 34 97 97 0 0 0 0 0 0 0 34 19 0 100 100 66 0 0 0 851100 37139 0 1475 56889 65778 1065972 1054538 5875 72896726 72896726 0 0 0 1.000000 35 420 1414510 20348476 108 107 0.741618 1164 4491754 54415996 408 2032312 20019829 12 176715 3735000 0 0 0
1690507324983884 97 0 63 34 97 97 0 0 0 0 0 0 0 34 19 0 100 100 66 0 0 0 851100 37139 0 1475 56889 65806 1065972 1054571 5875 72896726 72896726 0 0 0 1.000000 35 420 1414510 20348633 74 106 0.741618 1164 4491754 54415996 408 2032312 20019829 12 176715 3735000 0 0 0
1690507324984003 97 0 63 34 97 97 0 0 0 0 0 0 0 34 19 0 100 100 66 0 0 0 851100 37139 0 1475 56889 65849 1065972 1054600 5875 72896726 72896726 0 0 0 1.000000 35 420 1414510 20348633 74 105 0.741618 1164 4491754 54415996 408 2032312 20019829 12 176715 3735000 0 0 0
1690507324984115 97 0 63 34 97 97 0 0 0 0 0 0 0 34 19 0 100 100 66 0 0 0 851100 37139 0 1475 56889 65885 1065972 1054627 5875 72896726 72896726 0 0 0 1.000000 35 420 1414510 20348633 74 104 0.741618 1164 4491754 54415996 408 2032312 20019829 12 176715 3735000 0 0 0
1690507324986177 97 0 64 33 97 97 0 0 0 0 0 0 0 33 18 0 100 100 67 0 0 0 851101 37614 0 1496 56969 65918 1067371 1054653 5875 74006759 74006759 0 0 0 1.000000 35 420 1414510 20348633 74 102 0.707478 1164 4491754 54415996 396 2000388 19599239 12 176715 3735000 0 0 0
1690507324987925 97 0 65 32 97 97 0 0 0 0 0 0 0 32 17 0 100 100 68 0 0 0 851104 38014 0 1520 57051 65962 1068510 1054687 5875 75113520 75113520 0 0 0 1.000000 35 420 1414510 20348040 190 112 0.684829 1164 4491754 54415996 384 1968464 19176426 12 176715 3735000 0 0 0
1690507324993256 97 0 66 31 97 97 0 0 0 0 0 0 0 31 16 0 100 100 69 0 0 0 851109 38315 0 1541 57178 66005 1073285 1054723 5875 76209482 76209482 0 0 0 1.000000 36 432 1431274 20930129 83 110 0.669803 1164 4491754 54415996 372 1936540 18755074 12 176715 3735000 0 0 0
1690507324994003 97 0 67 30 97 97 0 0 0 0 0 0 0 30 15 0 100 100 70 0 0 0 851112 38595 0 1561 57258 66049 1073544 1054760 5875 77319203 77319203 0 0 0 1.000000 36 432 1384900 18495612 42 104 0.659835 1164 4491754 54415996 360 1904616 18333594 12 176715 3735000 0 0 0
1690507324996677 97 0 68 29 97 97 0 0 0 0 0 0 0 29 14 0 100 100 71 0 0 0 851114 39003 0 1582 57346 66081 1075611 1054790 5875 78420508 78420508 0 0 0 1.000000 36 432 1361249 18495069 87 104 0.653222 1164 4491754 54415996 348 1872692 17911271 12 176715 3735000 0 0 0
1690507325002517 97 0 70 27 97 97 0 0 0 0 0 0 0 27 12 0 100 100 73 0 0 0 851129 39869 0 1628 57456 66117 1080343 1054824 5875 80640050 80640050 0 0 0 1.000000 35 420 1278345 17646563 39 96 0.678442 1164 4491754 54415996 324 1776652 17064927 12 176715 3735000 0 0 0
1690507325002650 97 0 70 27 97 97 0 0 0 0 0 0 0 27 12 0 100 100 73 0 0 0 851129 39869 0 1628 57456 66147 1080343 1054861 5875 80640050 80640050 0 0 0 1.000000 35 420 1278345 17646502 45 94 0.678442 1164 4491754 54415996 324 1776652 17064927 12 176715 3735000 0 0 0
1690507325006756 97 0 71 26 97 97 0 0 0 0 0 0 0 26 11 0 100 100 74 0 0 0 851130 40170 0 1649 57536 66181 1083962 1054885 5875 81742618 81742618 0 0 0 1.000000 35 420 1278345 17646502 45 90 0.665566 1164 4491754 54415996 312 1744728 16642277 12 176715 3735000 0 0 0
1690507325017378 97 0 72 25 97 97 0 0 0 0 0 0 0 25 10 0 100 100 75 0 0 0 851133 40531 0 1671 57618 66223 1094008 1054925 5875 82858585 82858585 0 0 0 1.000000 34 408 1241821 17141901 26 84 0.657024 1164 4491754 54415996 300 1712804 16219823 12 176715 3735000 0 0 0
1690507325022384 97 0 73 24 97 97 0 0 0 0 0 0 0 24 9 0 100 100 76 0 0 0 851135 40869 0 1691 57698 66268 1098464 1054964 5875 83972196 83972196 0 0 0 1.000000 33 396 1205297 16637804 30 80 0.651356 1164 4491754 54415996 288 1584271 15324882 12 176715 3735000 0 0 0
1690507325043320 97 0 74 23 97 97 0 0 0 0 0 0 0 23 8 0 100 100 77 0 0 0 851135 41204 0 1710 57779 66314 1118850 1055005 5875 85080804 85080804 0 0 0 1.000000 33 396 1270360 16956998 29 76 0.647597 1164 4491754 54415996 276 1455738 14412884 12 176715 3735000 0 0 0
1690507325047659 97 0 75 22 97 97 0 0 0 0 0 0 0 22 7 0 100 100 78 0 0 0 851136 41523 0 1730 57860 66364 1122655 1055040 5875 86207256 86207256 0 0 0 1.000000 32 384 1294956 16762816 16 71 0.645103 1164 4491754 54415996 264 1279023 14010728 12 176715 3735000 0 0 0
1690507325114732 97 0 76 21 97 97 0 0 0 0 0 0 0 21 6 0 100 100 79 0 0 0 851138 42002 0 1753 57941 66409 1189039 1055076 5875 87305488 87305488 0 0 0 1.000000 31 372 1346091 16226823 22 67 0.643448 1164 4491754 54415996 252 1214931 13591085 12 176715 3735000 0 0 0
1690507325131267 97 0 77 20 97 97 0 0 0 0 0 0 0 20 5 0 100 100 80 0 0 0 851140 42416 0 1774 58044 66452 1204928 1055112 5875 88418019 88418019 0 0 0 1.000000 31 372 1366443 15925100 279 89 0.642350 1164 4491754 54415996 240 1183007 13169995 12 176715 3735000 0 0 0
1690507325154763 97 0 78 19 97 97 0 0 0 0 0 0 0 19 4 0 100 100 81 0 0 0 851142 42834 0 1795 58122 66495 1227798 1055149 5875 89504513 89504513 0 0 0 1.000000 31 372 1366443 15925270 195 100 0.641622 1164 4491754 54415996 228 1119020 12748599 12 176715 3735000 0 0 0
1690507325163518 97 0 79 18 97 97 0 0 0 0 0 0 0 18 3 0 100 100 82 0 0 0 851159 43458 0 1835 58203 66524 1235720 1055185 5875 90600337 90600337 0 0 0 1.000000 31 372 1386727 15925140 1071 196 0.641139 1164 4491754 54415996 216 1087096 12326251 12 176715 3735000 0 0 0
1690507325167530 97 0 80 17 97 97 0 0 0 0 0 0 0 17 2 0 100 100 83 0 0 0 851162 43924 0 1860 58296 66554 1239055 1055224 5875 91721091 91721091 0 0 0 1.000000 32 384 1410480 14277463 839 260 0.640818 1164 4491754 54415996 204 992045 11432472 12 176715 3735000 0 0 0
1690507325184035 97 0 81 16 97 97 0 0 0 0 0 0 0 16 1 0 100 100 84 0 0 0 851164 44274 0 1883 58390 66586 1254999 1055260 5875 92836088 92836088 0 0 0 1.000000 32 384 1451705 14586243 87 244 0.640606 1164 4491754 54415996 192 960121 11010789 12 176715 3735000 0 0 0
1690507325191447 97 0 82 15 97 97 0 0 0 0 0 0 0 15 0 0 100 100 85 0 0 0 851166 44769 0 1904 58470 66630 1261699 1055304 5875 93937030 93937030 0 0 0 1.000000 32 384 1451705 14585221 298 250 0.640464 1164 4491754 54415996 180 928197 10589714 12 176715 3735000 0 0 0
1690507326363193 99 0 84 15 99 99 0 0 0 0 0 0 0 15 4 1 100 100 85 0 0 0 851221 44824 0 1904 60729 66833 2430450 1055342 5875 95047176 93937030 0 0 0 1.000000 33 396 1497071 15039895 914 284 0.514370 1188 4587729 58573299 180 928197 10589714 12 176715 3735000 0 0 0
1690507326363407 99 0 85 14 99 99 0 0 0 0 0 0 0 14 3 0 100 100 86 0 0 0 851222 45248 0 1928 60732 66855 2430450 1055342 5875 95047176 95047176 0 0 0 1.000000 33 396 1497071 15039895 914 346 0.556951 1188 4587729 58573299 168 864081 10166003 12 176715 3735000 0 0 0
1690507327287220 99 0 86 13 99 99 0 0 0 0 0 0 0 13 5 0 100 100 87 0 0 0 851235 45565 0 1947 61357 66928 3353129 1055378 5875 96148367 96148367 0 0 0 1.000000 18 216 828410 8204396 1 313 0.571510 1188 4587729 58573299 156 799965 9744362 12 176715 3735000 0 0 0
1690507327337812 99 0 87 12 99 99 0 0 0 0 0 0 0 12 4 0 100 100 88 0 0 0 851237 45903 0 1967 61520 66956 3403106 1055412 5875 97255124 97255124 0 0 0 1.000000 10 120 466798 4557730 1 284 0.594625 1188 4587729 58573299 144 768041 9321114 12 176715 3735000 0 0 0
1690507327401663 99 0 88 11 99 99 0 0 0 0 0 0 0 11 4 0 100 100 89 0 0 0 851242 46226 0 1988 61785 66999 3466228 1055452 5875 98345845 98345845 0 0 0 1.000000 10 120 466798 4558077 1 257 0.599893 1188 4587729 58573299 132 736117 8898609 12 176715 3735000 0 0 0
1690507327546112 99 0 89 10 99 99 0 0 0 0 0 0 0 10 4 0 100 100 90 0 0 0 851261 46543 0 2007 62093 67055 3609881 1055488 5875 99440624 99440624 0 0 0 1.000000 10 120 466798 4558142 1 233 0.602740 1188 4587729 58573299 120 704193 8477066 12 176715 3735000 0 0 0
1690507328225790 99 0 90 9 99 99 0 0 0 0 0 0 0 9 9 0 100 100 91 0 0 0 851290 46853 0 2027 63332 67181 4287738 1055526 5875 100547512 100547512 0 0 0 1.000000 10 120 466798 4557958 1 211 0.574989 1188 4587729 58573299 108 575660 7584041 12 176715 3735000 0 0 0
1690507328280422 99 0 91 8 99 99 0 0 0 0 0 0 0 8 8 0 100 100 92 0 0 0 851294 47450 0 2073 63448 67237 4341494 1055567 5875 101644742 101644742 0 0 0 1.000000 10 120 479944 4654202 1 191 0.596933 1188 4587729 58573299 96 511568 7163472 12 176715 3735000 0 0 0
1690507328471907 99 0 92 7 99 99 0 0 0 0 0 0 0 7 7 0 100 100 93 0 0 0 851297 47728 0 2093 63565 67264 4532473 1055602 5875 102757361 102757361 0 0 0 1.000000 10 120 486509 4654092 1 173 0.611491 1188 4587729 58573299 84 447452 6740742 12 176715 3735000 0 0 0
1690507328596396 99 0 93 6 99 99 0 0 0 0 0 0 0 6 6 0 100 100 94 0 0 0 851301 48056 0 2113 63712 67309 4656356 1055637 5875 103864127 103864127 0 0 0 1.000000 10 120 493079 4654093 1 157 0.621150 1188 4587729 58573299 72 352408 3006039 12 176715 3735000 0 0 0
1690507328665241 99 0 94 5 99 99 0 0 0 0 0 0 0 5 5 0 100 100 95 0 0 0 851304 48428 0 2145 63898 67341 4724522 1055675 5875 104957361 104957361 0 0 0 1.000000 10 120 505960 5330204 1 143 0.627557 1188 4587729 58573299 60 288421 2584070 12 176715 3735000 0 0 0
1690507328667033 99 0 95 4 99 99 0 0 0 0 0 0 0 4 4 0 100 100 96 0 0 0 851307 48731 0 2165 64080 67376 4725711 1055709 5875 106049350 106049350 0 0 0 1.000000 10 120 512504 5378603 1 130 0.631808 1188 4587729 58573299 48 256497 2162471 12 176715 3735000 0 0 0
1690507328921809 99 0 96 3 99 99 0 0 0 0 0 0 0 3 3 0 100 100 97 0 0 0 851325 49040 0 2186 64216 67410 4979903 1055752 5875 107157322 107157322 0 0 0 1.000000 10 120 512504 5378336 1 118 0.634628 1188 4587729 58573299 36 127964 1269158 12 176715 3735000 0 0 0
1690507328926339 99 0 97 2 99 99 0 0 0 0 0 0 0 2 2 0 100 100 98 0 0 0 851329 49338 0 2206 64374 67443 4983853 1055794 5875 108263614 108263614 0 0 0 1.000000 10 120 532220 5474314 1 108 0.636499 1188 4587729 58573299 24 96040 845896 12 176715 3735000 0 0 0
1690507328934486 99 0 98 1 99 99 0 0 0 0 0 0 0 1 1 0 100 100 99 0 0 0 851332 49637 0 2226 64484 67468 4991482 1055831 5875 109365354 109365354 0 0 0 1.000000 10 120 532220 5474669 1 98 0.637740 1188 4587729 58573299 12 31924 423197 12 176715 3735000 0 0 0
1690507328978966 99 0 99 0 99 99 0 0 0 0 0 0 0 0 0 0 100 100 100 0 0 0 851336 49921 0 2246 64593 67495 5035458 1055867 5875 110464244 110464244 0 0 0 1.000000 10 120 538790 5474792 1 90 0.638563 1188 4587729 58573299 0 0 0 12 176715 3735000 0 0 0
1690507333127393 100 0 90 10 100 100 0 0 0 0 0 0 0 10 0 0 110 110 100 0 0 0 862010 49975 0 2246 67355 67777 9168545 1057222 7531 110464244 110464244 0 0 0 1.000000 10 120 538790 5474838 1 86 0.512308 1200 4619653 58992411 120 512425 4711142 12 176715 3735000 0 0 0
1690507342217185 100 0 90 10 100 100 0 0 0 0 0 0 0 10 2 1 110 110 100 0 0 0 862125 50067 0 2246 73132 68255 18251468 1057238 7531 111251703 110464244 0 0 0 1.000000 10 120 538790 5474838 1 82 0.512820 1200 4619653 58992411 120 512425 4711142 12 176715 3735000 0 0 0
1690507356645676 100 0 91 9 100 100 0 0 0 0 0 0 0 9 1 0 110 110 101 0 0 0 862125 50067 0 14429355 73132 68255 18251468 1057238 7531 111251703 111251703 0 0 1623795850 1.000000 10 120 538790 5474838 1 78 0.512820 1200 4619653 58992411 120 512425 4711142 12 176715 3735000 0 0 0
1690507356645889 100 0 91 9 100 100 0 0 0 0 0 0 0 9 1 0 110 110 101 0 0 0 862141 14478872 0 14429355 73140 68263 18251468 1057238 7531 111251703 111251703 0 0 1623795850 100.943295 10 120 538790 5474838 1 72 0.555689 1200 4619653 58992411 108 383892 3799144 12 176715 3735000 0 0 0
1690507356646269 100 0 91 9 100 100 0 0 0 0 0 0 0 9 1 0 110 110 101 0 0 0 862141 14478872 0 14429355 73140 68299 18251468 1057543 7531 111251703 111251703 0 0 1623795850 100.943295 10 120 538770 5574836 1 69 0.555689 1200 4619653 58992411 108 383892 3799144 12 176715 3735000 0 0 0
1690507370913716 100 0 92 8 100 100 0 0 0 0 0 0 0 8 8 0 110 110 102 0 0 0 862141 14478872 0 28694927 73468 68309 18251867 1058170 7531 113425094 113425094 0 0 3247591700 201.886590 10 120 538770 5574836 1 66 0.551509 1200 4619653 58992411 108 383892 3799144 12 176715 3735000 0 0 0
1690507370913845 100 0 92 8 100 100 0 0 0 0 0 0 0 8 8 0 110 110 102 0 0 0 862141 28745039 0 28694927 73473 68312 18251867 1058170 7531 113425094 113425094 0 0 3247591700 104.607896 10 120 538770 5574836 1 60 0.587202 1200 4619653 58992411 96 351968 3377811 12 176715 3735000 0 0 0
1690507370913921 100 0 92 8 100 100 0 0 0 0 0 0 0 8 8 0 110 110 102 0 0 0 862141 28745039 0 28694927 73473 68333 18251867 1058192 7531 113425094 113425094 0 0 3247591700 104.607896 10 120 538770 5574428 1 58 0.587202 1200 4619653 58992411 96 351968 3377811 12 176715 3735000 0 0 0
1690507385276401 100 0 93 7 100 100 0 0 0 0 0 0 0 7 7 0 110 110 103 0 0 0 862141 28745040 0 43056358 73740 68338 18252002 1058281 7531 114402580 114402580 0 0 4871387550 156.911838 10 120 538770 5574428 1 56 0.579949 1200 4619653 58992411 96 351968 3377811 12 176715 3735000 0 0 0
1690507399719461 100 0 94 6 100 100 0 0 0 0 0 0 0 6 6 0 110 110 104 0 0 0 862141 28745040 0 57498871 73740 68338 18252002 1058281 7531 116789201 116789201 0 0 6495183400 209.215784 10 120 538770 5574428 1 52 0.620904 1200 4619653 58992411 84 287852 2956383 12 176715 3735000 0 0 0
1690507414044563 100 0 95 5 100 100 0 0 0 0 0 0 0 5 5 0 110 110 105 0 0 0 862141 28745040 0 71823468 73740 68338 18252002 1058281 7531 118994292 118994292 0 0 8118979250 261.519730 10 120 545340 5574192 1 48 0.657866 1200 4619653 58992411 72 255928 2535793 12 176715 3735000 0 0 0
1690507428399939 100 0 96 4 100 100 0 0 0 0 0 0 0 4 4 0 110 110 106 0 0 0 862141 28745040 0 86178187 73740 68338 18252002 1058281 7531 119963639 119963639 0 0 9742775100 313.823676 10 120 545340 5574164 1 44 0.691224 1200 4619653 58992411 60 224004 2114110 12 176715 3735000 0 0 0
1690507442759999 100 0 97 3 100 100 0 0 0 0 0 0 0 3 3 0 110 110 107 0 0 0 862141 28745040 0 100537519 73740 68338 18252002 1058281 7531 124123181 124123181 0 0 11366570950 366.127622 10 120 538770 5574208 1 40 0.721330 1200 4619653 58992411 48 159888 1690922 12 176715 3735000 0 0 0
1690507457035403 100 0 98 2 100 100 0 0 0 0 0 0 0 2 2 0 110 110 108 0 0 0 862141 28745040 0 114812259 73740 68338 18252002 1058281 7531 127963885 127963885 0 0 12990366800 418.431568 10 120 545340 5477851 1 38 0.748500 1200 4619653 58992411 36 127964 1267966 12 176715 3735000 0 0 0
1690507471351386 100 0 99 1 100 100 0 0 0 0 0 0 0 1 1 0 110 110 109 0 0 0 862141 28745040 0 129127672 73740 68338 18252002 1058281 7531 128932819 128932819 0 0 14614162650 470.735514 10 120 545340 5478141 1 36 0.773021 1200 4619653 58992411 24 96040 844725 12 176715 3735000 0 0 0
1690507485644780 100 0 100 0 100 100 0 0 0 0 0 0 0 0 0 0 110 110 110 0 0 0 862141 28745040 0 143420509 73740 68338 18252002 1058281 7531 131340005 131340005 0 0 16237958500 523.039460 10 120 545340 5478297 1 34 0.795152 1200 4619653 58992411 12 31924 422505 12 176715 3735000 0 0 0
1690507485648087 100 0 100 0 100 100 0 0 0 0 0 0 0 0 0 0 110 110 110 0 0 0 862141 143475462 0 143420509 76924 68342 18252002 1058281 7531 131340005 131340005 0 0 16237958500 107.288216 10 120 551910 5478089 1 32 0.785650 1200 4619653 58992411 0 0 0 12 176715 3735000 0 0 0
1690507485648271 100 0 100 0 100 100 0 0 0 0 0 0 0 0 0 0 110 110 110 0 0 0 862141 143475462 0 143420509 76924 68371 18252002 1058392 7531 131340005 131340005 0 0 16237958500 107.288216 10 120 551910 5477905 1 31 0.785650 1200 4619653 58992411 0 0 0 12 176715 3735000 0 0 0
1690507485648591 100 0 100 0 100 100 0 0 0 0 0 0 0 0 0 0 110 110 110 0 0 0 862141 143475462 0 143420509 76924 68397 18252002 1058644 7531 131340005 131340005 0 0 16237958500 107.288216 10 120 551910 5477905 1 30 0.785650 1200 4619653 58992411 0 0 0 12 176715 3735000 0 0 0
1690507485648697 100 0 100 0 100 100 0 0 0 0 0 0 0 0 0 0 110 110 110 0 0 0 862141 143475462 0 143420509 76924 68430 18252002 1058683 7531 131340005 131340005 0 0 16237958500 107.288216 10 120 551910 5477905 1 29 0.785650 1200 4619653 58992411 0 0 0 12 176715 3735000 0 0 0
1690507485648783 100 0 100 0 100 100 0 0 0 0 0 0 0 0 0 0 110 110 110 0 0 0 862141 143475462 0 143420509 76924 68451 18252002 1058715 7531 131340005 131340005 0 0 16237958500 107.288216 10 120 551910 5477905 1 28 0.785650 1200 4619653 58992411 0 0 0 12 176715 3735000 0 0 0
1690507485648866 100 0 100 0 100 100 0 0 0 0 0 0 0 0 0 0 110 110 110 0 0 0 862141 143475462 0 143420509 76924 68476 18252002 1058741 7531 131340005 131340005 0 0 16237958500 107.288216 10 120 551910 5477905 1 27 0.785650 1200 4619653 58992411 0 0 0 12 176715 3735000 0 0 0
1690507485648945 100 0 100 0 100 100 0 0 0 0 0 0 0 0 0 0 110 110 110 0 0 0 862141 143475462 0 143420509 76924 68498 18252002 1058767 7531 131340005 131340005 0 0 16237958500 107.288216 10 120 551910 5477905 1 26 0.785650 1200 4619653 58992411 0 0 0 12 176715 3735000 0 0 0
1690507485649023 100 0 100 0 100 100 0 0 0 0 0 0 0 0 0 0 110 110 110 0 0 0 862141 143475462 0 143420509 76924 68520 18252002 1058791 7531 131340005 131340005 0 0 16237958500 107.288216 10 120 551910 5477905 1 25 0.785650 1200 4619653 58992411 0 0 0 12 176715 3735000 0 0 0
1690507485649113 100 0 100 0 100 100 0 0 0 0 0 0 0 0 0 0 110 110 110 0 0 0 862141 143475462 0 143420509 76924 68545 18252002 1058813 7531 131340005 131340005 0 0 16237958500 107.288216 10 120 551910 5477905 1 24 0.785650 1200 4619653 58992411 0 0 0 12 176715 3735000 0 0 0
1690507485670856 0 0 0 0 0 100 100 100 0 0 0 0 0 0 0 0 110 110 110 0 0 0 862141 143475462 0 143420509 76924 68545 18252002 1058813 7531 131340005 131340005 0 0 16237958500 107.288216 10 120 551910 5477905 1 23 0.785650 0 0 0 0 0 0 0 0 0 0 0 0
