# timestamp workers_connected workers_init workers_idle workers_busy workers_able workers_joined workers_removed workers_released workers_idled_out workers_blocked workers_slow workers_lost tasks_waiting tasks_on_workers tasks_running tasks_with_results tasks_submitted tasks_dispatched tasks_done tasks_failed tasks_cancelled tasks_exhausted_attempts time_send time_receive time_send_good time_receive_good time_status_msgs time_internal time_polling time_application time_scheduling time_execute time_execute_good time_execute_exhaustion bytes_sent bytes_received bandwidth capacity_tasks capacity_cores capacity_memory capacity_disk capacity_instantaneous capacity_weighted manager_load total_cores total_memory total_disk committed_cores committed_memory committed_disk max_cores max_memory max_disk min_cores min_memory min_disk
1690588321947867 0 0 0 0 0 0 0 0 0 0 0 0 0 0 0 0 0 0 0 0 0 0 0 0 0 0 0 0 0 0 0 0 0 0 0 0 1.000000 0 0 0 0 0 0 0.000000 0 0 0 0 0 0 0 0 0 0 0 0
1690588321952108 0 0 0 0 0 0 0 0 0 0 0 0 0 0 0 0 0 0 0 0 0 0 0 0 0 0 0 0 0 0 0 0 0 0 0 0 1.000000 10 10 5120 10240 10 10 0.000000 0 0 0 0 0 0 0 0 0 0 0 0
1690588326735608 0 0 0 0 0 0 0 0 0 0 0 0 1 0 0 0 0 0 0 0 0 0 0 0 0 0 0 0 0 0 0 0 0 0 0 0 1.000000 10 10 5120 10240 10 10 0.000000 0 0 0 0 0 0 0 0 0 0 0 0
1690588364114171 1 0 0 1 1 1 0 0 0 0 0 0 79 1 0 0 80 0 0 0 0 0 2224 169 0 0 421 10873 37358429 4789466 9 0 0 0 0 0 1.000000 10 10 5120 10240 10 10 0.484295 12 31924 422865 0 0 0 12 31924 422865 0 0 0
1690588366964367 98 0 88 10 98 98 0 0 0 0 0 0 70 10 0 0 80 10 0 0 0 0 753126 372 0 0 30491 14592 39423783 4789466 525972 0 0 0 0 0 1.000000 10 10 5120 10240 10 10 0.512818 1176 4408580 58186449 120 319240 4227096 12 128628 3735889 0 0 0
1690588371436542 100 0 90 10 100 100 0 0 0 0 0 0 70 10 0 0 80 10 0 0 0 0 1088314 401 0 0 31139 15019 43559245 4789749 786513 0 0 0 0 0 0.000000 10 10 5120 10240 10 10 0.512820 1200 4535549 59502838 120 319240 4227096 12 128628 3735889 0 0 0
1690588378158418 100 0 89 11 100 100 0 0 0 0 0 0 69 11 0 0 80 10 0 0 0 0 1178526 419 0 0 31222 15204 50189979 4789769 857001 0 0 0 0 0 0.000000 10 10 5120 10240 10 10 0.487179 1200 4535549 59502838 120 319240 4227096 12 128628 3735889 0 0 0
1690588379564929 100 0 85 15 100 100 0 0 0 0 0 0 65 15 1 0 80 14 0 0 0 0 1225418 430 0 0 31385 15366 51549381 4789769 892264 0 0 0 0 0 0.000000 10 10 5120 10240 10 10 0.420750 1200 4535549 59502838 168 446936 6390606 12 128628 3735889 0 0 0
1690588379746184 100 0 74 26 100 100 0 0 0 0 0 0 53 26 3 0 80 27 1 0 0 0 1312873 1208 0 41 31642 15703 51642227 4789769 953136 1515787 1515787 0 0 0 0.000000 10 10 5120 10240 10 10 0.376489 1200 4535549 59502838 312 1020624 18079218 12 128628 3735889 0 0 0
1690588381140759 100 0 54 46 100 100 0 0 0 0 0 0 33 46 9 1 80 47 1 0 0 0 1450312 1241 0 41 32110 16067 52897085 4790685 1035018 2980757 1515787 0 0 0 0.000000 10 120 319240 4215950 1 10 0.253132 1200 4535549 59502838 552 2010630 30785212 12 128628 3735889 0 0 0
1690588381156719 100 0 55 45 100 100 0 0 0 0 0 0 33 45 8 0 80 47 2 0 0 0 1465848 2053 0 79 32113 16105 52897085 4790685 1046199 2980757 2980757 0 0 0 0.000000 10 120 319240 4215950 1 10 0.344171 1200 4535549 59502838 540 1978706 30362338 12 128628 3735889 0 0 0
1690588381188761 100 0 56 44 100 100 0 0 0 0 0 0 33 44 7 0 80 47 3 0 0 0 1497172 2533 0 96 32172 16152 52897126 4790733 1068713 4542318 4542318 0 0 0 0.000000 10 120 319240 4222345 1 10 0.431717 1200 4535549 59502838 528 1946782 29938701 12 128628 3735889 0 0 0
1690588381220673 100 0 57 43 100 100 0 0 0 0 0 0 33 43 6 0 80 47 4 0 0 0 1528348 3054 0 114 32223 16204 52897165 4790760 1091142 6152049 6152049 0 0 0 0.000000 10 120 319240 4227020 1 10 0.496071 1200 4535549 59502838 516 1914858 29515429 12 128628 3735889 0 0 0
1690588381353648 100 0 58 42 100 100 0 0 0 0 0 0 33 42 5 0 80 47 5 0 0 0 1575164 3515 0 129 32287 16263 52982638 4790813 1124857 7673396 7673396 0 0 0 0.000000 10 120 319240 4228445 1 10 0.544577 1200 4535549 59502838 504 1882934 29093292 12 128628 3735889 0 0 0
1690588381370617 100 0 58 42 100 100 0 0 0 0 0 0 32 42 4 0 80 48 6 0 0 0 1591294 4133 0 147 32335 16301 52982672 4790856 1136376 9224492 9224492 0 0 0 0.000000 10 120 319240 4227030 1 10 0.556877 1200 4535549 59502838 504 1882934 29093292 12 128628 3735889 0 0 0
1690588381680155 100 0 58 42 100 100 0 0 0 0 0 0 31 42 4 0 80 49 7 0 0 0 1638593 4576 0 162 32470 16385 53244149 4790909 1170324 10725872 10725872 0 0 0 0.000000 10 120 319240 4227045 1 10 0.560071 1200 4535549 59502838 504 1882934 29093292 12 128628 3735889 0 0 0
1690588381712737 100 0 58 42 100 100 0 0 0 0 0 0 30 42 4 0 80 50 8 0 0 0 1670211 5262 0 202 32556 16433 53244214 4790948 1193002 12209996 12209996 0 0 0 0.000000 10 120 319240 4226803 1 10 0.565301 1200 4535549 59502838 504 1882934 29093292 12 128628 3735889 0 0 0
1690588381713695 100 0 58 42 100 100 0 0 0 0 0 0 29 42 3 0 80 51 9 0 0 0 1670539 5737 0 217 32574 16458 53244245 4790980 1193137 13703783 13703783 0 0 0 0.000000 10 120 319240 4227034 1 10 0.577300 1200 4535549 59502838 504 1882934 29093292 12 128628 3735889 0 0 0
1690588382713710 100 0 55 45 100 100 0 0 0 0 0 0 25 45 5 0 80 55 10 0 0 0 1751121 5750 0 235 32885 16566 54162797 4791018 1249942 16653994 16653994 0 0 0 0.000000 10 120 319240 4227489 1 10 0.474340 1200 4535549 59502838 552 2073757 31254053 12 128628 3735889 0 0 0
1690588382714134 100 0 54 46 100 100 0 0 0 0 0 0 24 46 5 0 80 56 10 0 0 0 1751427 6209 0 235 32885 16590 54162797 4791018 1250055 16653994 16653994 0 0 0 0.000000 10 120 319240 4227489 1 10 0.499312 1200 4535549 59502838 552 2073757 31254053 12 128628 3735889 0 0 0
1690588383984632 100 0 54 46 100 100 0 0 0 0 0 0 24 46 6 1 80 56 10 0 0 0 1814449 6215 0 235 33011 16644 55369556 4791043 1294705 19251082 16653994 0 0 0 0.000000 10 120 319240 4226335 169 18 0.503859 1200 4535549 59502838 552 2073757 31254053 12 128628 3735889 0 0 0
1690588383985178 100 0 54 46 100 100 0 0 0 0 0 0 23 46 5 0 80 57 11 0 0 0 1814791 6844 0 254 33011 16679 55369556 4791043 1294820 19251082 19251082 0 0 0 0.000000 10 120 319240 4226335 169 34 0.524621 1200 4535549 59502838 552 2073757 31254053 12 128628 3735889 0 0 0
1690588384165619 100 0 54 46 100 100 0 0 0 0 0 0 22 46 5 0 80 58 12 0 0 0 1862676 7326 0 269 33121 16744 55501362 4791093 1328630 21685706 21685706 0 0 0 0.000000 10 120 319240 4226407 151 46 0.539742 1200 4535549 59502838 552 2073757 31254053 12 128628 3735889 0 0 0
1690588384166916 100 0 54 46 100 100 0 0 0 0 0 0 21 46 4 0 80 59 13 0 0 0 1862972 8134 0 309 33141 16785 55501394 4791140 1328744 24160747 24160747 0 0 0 0.000000 10 120 319240 4226800 143 56 0.555386 1200 4535549 59502838 552 2073757 31254053 12 128628 3735889 0 0 0
1690588385457465 100 0 54 46 100 100 0 0 0 0 0 0 21 46 6 1 80 59 13 0 0 0 1926641 8139 0 309 33257 16825 56727627 4791166 1373696 27754035 24160747 0 0 0 0.000000 10 120 319240 4226689 218 65 0.541059 1200 4535549 59502838 552 2073757 31254053 12 128628 3735889 0 0 0
1690588385473456 100 0 55 45 100 100 0 0 0 0 0 0 21 45 5 0 80 59 14 0 0 0 1942428 8726 0 329 33260 16857 56727627 4791166 1384867 27754035 27754035 0 0 0 0.000000 10 120 319240 4226689 218 81 0.578690 1200 4535549 59502838 540 2041833 30831697 12 128628 3735889 0 0 0
1690588385618939 100 0 55 45 100 100 0 0 0 0 0 0 20 45 4 0 80 60 15 0 0 0 1974960 9419 0 349 33323 16911 56839677 4791213 1407755 31642660 31642660 0 0 0 0.000000 10 120 319240 4226465 1 74 0.578304 1200 4535549 59502838 540 2041833 30831697 12 128628 3735889 0 0 0
1690588389207274 100 0 55 45 100 100 0 0 0 0 0 0 20 45 5 1 80 60 15 0 0 0 2070191 9432 0 349 33469 27218 60321875 4791241 1475266 38118823 31642660 0 0 0 0.000000 10 120 319240 4226611 225 90 0.548205 1200 4535549 59502838 540 2041833 30831697 12 128628 3735889 0 0 0
1690588389207900 100 0 55 45 100 100 0 0 0 0 0 0 19 45 4 0 80 61 16 0 0 0 2070547 10023 0 382 33469 27246 60321875 4791241 1475384 38118823 38118823 0 0 0 0.000000 10 120 319240 4226611 225 104 0.562642 1200 4535549 59502838 540 2041833 30831697 12 128628 3735889 0 0 0
1690588390087996 100 0 55 45 100 100 0 0 0 0 0 0 18 45 4 0 80 62 17 0 0 0 2118780 10568 0 405 33641 27311 61152717 4791426 1509405 44022011 44022011 0 0 0 0.000000 10 120 319240 4225945 375 131 0.563705 1200 4535549 59502838 540 2041833 30831697 12 128628 3735889 0 0 0
1690588390136626 100 0 55 45 100 100 0 0 0 0 0 0 17 45 4 0 80 63 18 0 0 0 2166452 11161 0 424 33729 27366 61152828 4791475 1543077 50151250 50151250 0 0 0 0.000000 10 120 319240 4225910 337 152 0.564374 1200 4535549 59502838 540 2041833 30831697 12 128628 3735889 0 0 0
1690588390628928 100 0 55 45 100 100 0 0 0 0 0 0 16 45 4 0 80 64 19 0 0 0 2214314 13807 0 443 33832 27818 61593978 4791506 1576816 56594760 56594760 0 0 0 0.000000 10 120 319240 4225977 279 165 0.564796 1200 4535549 59502838 540 2041833 30831697 12 128628 3735889 0 0 0
1690588392761651 100 0 54 46 100 100 0 0 0 0 0 0 15 46 5 0 80 64 19 0 0 0 2262077 13814 0 443 33916 27868 63648112 4791556 1610830 56594760 56594760 0 0 0 0.000000 10 120 319240 4226248 337 174 0.523476 1200 4535549 59502838 540 2041833 30831697 12 128628 3735889 0 0 0
1690588393109347 100 0 42 58 100 100 0 0 0 0 0 0 2 58 8 0 80 78 20 0 0 0 2397458 14444 0 459 34282 27985 63889874 4791556 1679833 64066885 64066885 0 0 0 0.000000 10 120 319240 4226248 337 191 0.405157 1200 4535549 59502838 696 2648868 36793094 12 128628 3735889 0 0 0
1690588394242739 100 0 42 58 100 100 0 0 0 0 0 0 2 58 9 1 80 78 20 0 0 0 2464232 14449 0 459 34389 28009 64953256 4791584 1724749 65553024 64066885 0 0 0 0.000000 10 120 319240 4226368 415 203 0.441394 1200 4535549 59502838 696 2648868 36793094 12 128628 3735889 0 0 0
1690588394246574 100 0 42 58 100 100 0 0 0 0 0 0 1 58 8 0 80 79 21 0 0 0 2464552 20962 0 479 34389 28028 64953256 4791584 1724866 65553024 65553024 0 0 0 0.000000 10 120 319240 4226368 415 225 0.471066 1200 4535549 59502838 696 2648868 36793094 12 128628 3735889 0 0 0
1690588394426672 100 0 42 58 100 100 0 0 0 0 0 0 0 58 10 0 80 80 22 0 0 0 2498311 21802 0 522 34663 28083 65098326 4791629 1747355 66979523 66979523 0 0 0 0.000000 10 120 319240 4226319 1 204 0.527428 1200 4535549 59502838 696 2616741 33479606 12 128628 3735889 0 0 0
1690588394494132 100 0 43 57 100 100 0 0 0 0 0 0 0 57 9 0 80 80 23 0 0 0 2498313 22355 0 541 34820 28144 65164923 4791671 1747355 68518458 68518458 0 0 0 0.000000 10 120 333844 5732345 1 185 0.565380 1200 4535549 59502838 684 2584817 33057042 12 128628 3735889 0 0 0
1690588394505461 100 0 44 56 100 100 0 0 0 0 0 0 0 56 8 0 80 80 24 0 0 0 2498316 22818 0 563 34938 28191 65175520 4791715 1747355 70069683 70069683 0 0 0 0.000000 10 120 333209 5666836 1 168 0.590559 1200 4535549 59502838 672 2552893 32633405 12 128628 3735889 0 0 0
1690588395913981 100 0 44 56 100 100 0 0 0 0 0 0 0 56 9 1 80 80 24 0 0 0 2498322 22825 0 563 35149 28220 66583570 4791740 1747355 71602997 70069683 0 0 0 0.000000 10 120 332627 5607233 1126 216 0.559365 1200 4535549 59502838 672 2552893 32633405 12 128628 3735889 0 0 0
1690588395914231 100 0 45 55 100 100 0 0 0 0 0 0 0 55 8 0 80 80 25 0 0 0 2498323 23180 0 581 35152 28241 66583570 4791740 1747355 71602997 71602997 0 0 0 0.000000 10 120 332627 5607233 1126 306 0.593600 1200 4535549 59502838 660 2520969 32211066 12 128628 3735889 0 0 0
1690588395924137 100 0 46 54 100 100 0 0 0 0 0 0 0 54 7 0 80 80 26 0 0 0 2498326 23556 0 599 35220 28275 66592895 4791792 1747355 73161634 73161634 0 0 0 0.000000 10 120 332091 5551880 1 277 0.609280 1200 4535549 59502838 648 2489045 31789713 12 128628 3735889 0 0 0
1690588396076739 100 0 47 53 100 100 0 0 0 0 0 0 0 53 6 0 80 80 27 0 0 0 2498328 23832 0 616 35350 28321 66744962 4791823 1747355 74633338 74633338 0 0 0 0.000000 10 120 331597 5500405 1 251 0.619683 1200 4535549 59502838 636 2360417 31367397 12 128628 3735889 0 0 0
1690588396843362 100 0 48 52 100 100 0 0 0 0 0 0 0 52 6 0 80 80 28 0 0 0 2498333 29563 0 638 35526 28361 67505537 4791866 1747355 82258128 82258128 0 0 0 0.000000 10 120 366956 5453099 1 228 0.613433 1200 4535549 59502838 624 2328493 30945802 12 128628 3735889 0 0 0
1690588397017399 100 0 49 51 100 100 0 0 0 0 0 0 0 51 5 0 80 80 29 0 0 0 2498336 30066 0 662 35602 28409 67678847 4791901 1747355 89186403 89186403 0 0 0 0.000000 10 120 365252 5408915 706 275 0.622438 1200 4535549 59502838 612 2296569 30523267 12 128628 3735889 0 0 0
1690588397088548 100 0 50 50 100 100 0 0 0 0 0 0 0 50 4 0 80 80 30 0 0 0 2498339 36867 0 685 35753 28454 67742904 4791934 1747355 92015007 92015007 0 0 0 0.000000 10 120 363665 5368103 5330 769 0.628412 1200 4535549 59502838 600 2264645 30100734 12 128628 3735889 0 0 0
1690588397420956 100 0 51 49 100 100 0 0 0 0 0 0 0 49 4 0 80 80 31 0 0 0 2498345 37550 0 706 36034 28510 68074194 4791970 1747355 99297837 99297837 0 0 0 0.000000 10 120 362184 5330010 211 716 0.618150 1200 4535549 59502838 588 2232721 29678022 12 128628 3735889 0 0 0
1690588397625507 100 0 52 48 100 100 0 0 0 0 0 0 0 48 3 0 80 80 32 0 0 0 2498348 37939 0 727 36114 28543 68278147 4792001 1747355 100799149 100799149 0 0 0 0.000000 10 120 360799 5294433 4610 1096 0.625567 1200 4535549 59502838 576 2200797 29255619 12 128628 3735889 0 0 0
1690588398556422 100 0 53 47 100 100 0 0 0 0 0 0 0 47 2 0 80 80 33 0 0 0 2498352 38441 0 748 36257 28584 69208287 4792033 1747355 108725776 108725776 0 0 0 0.000000 10 120 359500 5260983 1 990 0.630488 1200 4535549 59502838 564 2168873 28832506 12 128628 3735889 0 0 0
1690588398893666 100 0 54 46 100 100 0 0 0 0 0 0 0 46 3 0 80 80 34 0 0 0 2498361 38880 0 772 36806 28648 69544355 4792076 1747355 110287953 110287953 0 0 0 0.000000 10 120 358280 5229776 5782 1458 0.607478 1200 4535549 59502838 552 2136949 28409514 12 128628 3735889 0 0 0
1690588400039731 100 0 54 46 100 100 0 0 0 0 0 0 0 46 5 1 80 80 34 0 0 0 2498369 38888 0 772 37234 28716 70689523 4792139 1747355 111760401 110287953 0 0 0 0.000000 10 120 357132 5200368 1 1386 0.563969 1200 4535549 59502838 552 2136949 28409514 12 128628 3735889 0 0 0
1690588400040028 100 0 55 45 100 100 0 0 0 0 0 0 0 45 4 0 80 80 35 0 0 0 2498370 39371 0 793 37251 28763 70689523 4792139 1747355 111760401 111760401 0 0 0 0.000000 10 120 357132 5200368 1 1252 0.597350 1200 4535549 59502838 540 2072857 27990119 12 128628 3735889 0 0 0
1690588400155800 100 0 56 44 100 100 0 0 0 0 0 0 0 44 3 0 80 80 36 0 0 0 2498372 39739 0 818 37391 28804 70804610 4792220 1747355 113251764 113251764 0 0 0 0.000000 10 120 365240 5171613 1 1131 0.611768 1200 4535549 59502838 528 2040933 27568615 12 128628 3735889 0 0 0
1690588400743938 100 0 57 43 100 100 0 0 0 0 0 0 0 43 4 0 80 80 37 0 0 0 2498379 40109 0 838 37726 28864 71391849 4792275 1747355 114801611 114801611 0 0 0 0.000000 10 120 363962 5145042 1 1022 0.599239 1200 4535549 59502838 516 2009009 27146678 12 128628 3735889 0 0 0
1690588401027576 100 0 58 42 100 100 0 0 0 0 0 0 0 42 4 0 80 80 38 0 0 0 2498385 40656 0 863 40384 28922 71672113 4792310 1747355 116297221 116297221 0 0 0 0.000000 10 120 362754 5120024 1 923 0.602386 1200 4535549 59502838 504 1977085 26723744 12 128628 3735889 0 0 0
1690588401243425 100 0 59 41 100 100 0 0 0 0 0 0 0 41 4 0 80 80 39 0 0 0 2498393 41299 0 884 40664 28994 71886863 4792348 1747355 124429890 124429890 0 0 0 0.000000 10 120 361609 5096585 1 834 0.604087 1200 4535549 59502838 492 1945161 26300879 12 128628 3735889 0 0 0
1690588402034467 100 0 60 40 100 100 0 0 0 0 0 0 0 40 12 0 80 80 40 0 0 0 2498412 41669 0 903 42197 29142 72675701 4792387 1747355 125911057 125911057 0 0 0 0.000000 10 120 360522 5074330 5379 1278 0.564311 1200 4535549 59502838 480 1913237 25878595 12 128628 3735889 0 0 0
1690588402050461 100 0 61 39 100 100 0 0 0 0 0 0 0 39 12 0 80 80 41 0 0 0 2498414 41966 0 923 42371 29191 72691060 4792451 1747355 127405561 127405561 0 0 0 0.000000 10 120 359490 5053043 1 1155 0.586519 1200 4535549 59502838 468 1881313 25455096 12 128628 3735889 0 0 0
1690588402298290 100 0 62 38 100 100 0 0 0 0 0 0 0 38 11 0 80 80 42 0 0 0 2498417 42240 0 942 42444 29218 72938416 4792503 1747355 128910425 128910425 0 0 0 0.000000 10 120 358509 5033090 1 1044 0.604582 1200 4535549 59502838 456 1849389 25033368 12 128628 3735889 0 0 0
1690588403146297 100 0 63 37 100 100 0 0 0 0 0 0 0 37 20 0 80 80 43 0 0 0 2498440 42644 0 964 43871 29389 73784249 4792549 1747355 130908568 130908568 0 0 0 0.000000 10 120 357574 5013666 1 943 0.564358 1200 4535549 59502838 444 1817465 24611268 12 128628 3735889 0 0 0
1690588403244638 100 0 64 36 100 100 0 0 0 0 0 0 0 36 19 0 80 80 44 0 0 0 2498444 43032 0 985 44027 29450 73881864 4792616 1747355 132391685 132391685 0 0 0 0.000000 10 120 356682 4995232 1 852 0.589880 1200 4535549 59502838 432 1785541 24188867 12 128628 3735889 0 0 0
1690588403256537 100 0 65 35 100 100 0 0 0 0 0 0 0 35 18 0 80 80 45 0 0 0 2498446 43346 0 1007 44188 29490 73893154 4792652 1747355 133870881 133870881 0 0 0 0.000000 10 120 355831 4977704 1 770 0.606812 1200 4535549 59502838 420 1690497 20454723 12 128628 3735889 0 0 0
1690588403288437 100 0 66 34 100 100 0 0 0 0 0 0 0 34 17 0 80 80 46 0 0 0 2498451 43657 0 1027 44305 29538 73924474 4792700 1747355 135403210 135403210 0 0 0 0.000000 10 120 369045 5696898 1 696 0.618045 1200 4535549 59502838 408 1595453 16719973 12 128628 3735889 0 0 0
1690588403363830 100 0 67 33 100 100 0 0 0 0 0 0 0 33 16 0 80 80 47 0 0 0 2498455 43957 0 1046 44392 29585 73999348 4792733 1747355 136921516 136921516 0 0 0 0.000000 10 120 381684 6384955 1 629 0.625498 1200 4535549 59502838 396 1563529 16297267 12 128628 3735889 0 0 0
1690588403364665 100 0 68 32 100 100 0 0 0 0 0 0 0 32 15 0 80 80 48 0 0 0 2498456 44249 0 1066 44480 29640 73999652 4792783 1747355 138437328 138437328 0 0 0 0.000000 10 120 380355 6339042 1 569 0.630441 1200 4535549 59502838 384 1499413 15874326 12 128628 3735889 0 0 0
1690588403472874 100 0 69 31 100 100 0 0 0 0 0 0 0 31 15 0 80 80 49 0 0 0 2498460 44547 0 1085 44767 29690 74107114 4792839 1747355 139925055 139925055 0 0 0 0.000000 10 120 385789 6295092 1 514 0.619247 1200 4535549 59502838 372 1467489 15451554 12 128628 3735889 0 0 0
1690588403487885 100 0 70 30 100 100 0 0 0 0 0 0 0 30 14 0 80 80 50 0 0 0 2498461 44846 0 1105 44857 29742 74121602 4792872 1747355 141430007 141430007 0 0 0 0.000000 10 120 384430 6252900 1 465 0.626295 1200 4535549 59502838 360 1403373 15028698 12 128628 3735889 0 0 0
1690588403504024 100 0 71 29 100 100 0 0 0 0 0 0 0 29 13 0 80 80 51 0 0 0 2498465 45192 0 1125 44944 29792 74137162 4792917 1747355 142920666 142920666 0 0 0 0.000000 10 120 391000 6253158 1 420 0.630970 1200 4535549 59502838 348 1371449 14607493 12 128628 3735889 0 0 0
1690588403545707 100 0 72 28 100 100 0 0 0 0 0 0 0 28 12 0 80 80 52 0 0 0 2498468 45506 0 1144 45096 29833 74178240 4792961 1747355 144426827 144426827 0 0 0 0.000000 10 120 391000 6252817 1 381 0.634072 1200 4535549 59502838 336 1339525 14184093 12 128628 3735889 0 0 0
1690588403753703 100 0 73 27 100 100 0 0 0 0 0 0 0 27 11 0 80 80 53 0 0 0 2498472 45801 0 1162 45175 29878 74385737 4792994 1747355 146329044 146329044 0 0 0 0.000000 10 120 391000 6252769 1 344 0.636130 1200 4535549 59502838 324 1307601 13761617 12 128628 3735889 0 0 0
1690588403850218 100 0 74 26 100 100 0 0 0 0 0 0 0 26 10 0 80 80 54 0 0 0 2498475 46184 0 1181 45305 29913 74481619 4793028 1747355 147771589 147771589 0 0 0 0.000000 10 120 391000 6252606 1 311 0.637495 1200 4535549 59502838 312 1243614 13340470 12 128628 3735889 0 0 0
1690588403864468 100 0 75 25 100 100 0 0 0 0 0 0 0 25 9 0 80 80 55 0 0 0 2498479 46554 0 1214 45418 29965 74495214 4793082 1747355 149286535 149286535 0 0 0 0.000000 10 120 397544 6252404 1 282 0.630337 1200 4535549 59502838 300 1148563 12446310 12 128628 3735889 0 0 0
1690588403865088 100 0 76 24 100 100 0 0 0 0 0 0 0 24 8 0 80 80 56 0 0 0 2498480 46952 0 1233 45446 29990 74495237 4793172 1747355 150802944 150802944 0 0 0 0.000000 10 120 410427 6348618 1 255 0.651407 1200 4535549 59502838 288 1084447 12022674 12 128628 3735889 0 0 0
1690588403882748 100 0 77 23 100 100 0 0 0 0 0 0 0 23 7 0 80 80 57 0 0 0 2498485 47241 0 1253 45566 30022 74512367 4793198 1747355 152333633 152333633 0 0 0 0.000000 10 120 416997 6348843 1 231 0.647630 1200 4535549 59502838 276 989402 11128761 12 128628 3735889 0 0 0
1690588403897766 100 0 78 22 100 100 0 0 0 0 0 0 0 22 6 0 80 80 58 0 0 0 2498489 47553 0 1271 45713 30063 74526789 4793243 1747355 153843048 153843048 0 0 0 0.000000 10 120 429878 6444975 1 210 0.645125 1200 4535549 59502838 264 957478 10706071 12 128628 3735889 0 0 0
1690588403905617 100 0 79 21 100 100 0 0 0 0 0 0 0 21 5 0 80 80 59 0 0 0 2498491 47884 0 1292 45806 30108 74534051 4793305 1747355 155342966 155342966 0 0 0 0.000000 10 120 429878 6444889 1 191 0.643463 1200 4535549 59502838 252 925554 10284426 12 128628 3735889 0 0 0
1690588403921859 100 0 80 20 100 100 0 0 0 0 0 0 0 20 4 0 80 80 60 0 0 0 2498494 48211 0 1313 45893 30137 74549768 4793336 1747355 156873231 156873231 0 0 0 0.000000 10 120 429878 6444899 1 173 0.642360 1200 4535549 59502838 240 893630 9860869 12 128628 3735889 0 0 0
1690588403931695 100 0 81 19 100 100 0 0 0 0 0 0 0 19 3 0 80 80 61 0 0 0 2498496 48508 0 1333 46023 30172 74559032 4793381 1747355 158395705 158395705 0 0 0 0.000000 10 120 429878 6445072 1 157 0.641628 1200 4535549 59502838 228 861706 9439728 12 128628 3735889 0 0 0
1690588403937844 100 0 82 18 100 100 0 0 0 0 0 0 0 18 2 0 80 80 62 0 0 0 2498499 48801 0 1353 46160 30201 74564630 4793425 1747355 159905062 159905062 0 0 0 0.000000 10 120 429878 6444669 1 143 0.641143 1200 4535549 59502838 216 829782 9017088 12 128628 3735889 0 0 0
1690588404108220 100 0 83 17 100 100 0 0 0 0 0 0 0 17 4 0 80 80 63 0 0 0 2498511 49130 0 1374 46618 30275 74734016 4793456 1747355 161405651 161405651 0 0 0 0.000000 10 120 429878 6444690 1 130 0.601691 1200 4535549 59502838 204 797858 8121839 12 128628 3735889 0 0 0
1690588404953927 100 0 84 16 100 100 0 0 0 0 0 0 0 16 4 0 80 80 64 0 0 0 2498516 49523 0 1393 46900 30327 75578906 4793489 1747355 162925738 162925738 0 0 0 0.000000 10 120 429878 6541199 1 118 0.603711 1200 4535549 59502838 192 765934 7698316 12 128628 3735889 0 0 0
1690588405541643 100 0 85 15 100 100 0 0 0 0 0 0 0 15 3 0 80 80 65 0 0 0 2498517 49932 0 1414 47062 30372 76165870 4793548 1747355 164426875 164426875 0 0 0 0.000000 10 120 429878 6541334 1 108 0.615988 1200 4535549 59502838 180 670883 6804231 12 128628 3735889 0 0 0
1690588405563668 100 0 86 14 100 100 0 0 0 0 0 0 0 14 2 0 80 80 66 0 0 0 2498521 50241 0 1434 47182 30414 76187342 4793582 1747355 165953484 165953484 0 0 0 0.000000 10 120 442762 6637760 1 98 0.624133 1200 4535549 59502838 168 638959 6382908 12 128628 3735889 0 0 0
1690588405575380 100 0 87 13 100 100 0 0 0 0 0 0 0 13 1 0 80 80 67 0 0 0 2498522 50546 0 1455 47270 30461 76198537 4793615 1747355 167494643 167494643 0 0 0 0.000000 10 120 442762 6637513 1 90 0.629536 1200 4535549 59502838 156 607035 5961054 12 128628 3735889 0 0 0
1690588407135662 100 0 87 13 100 100 0 0 0 0 0 0 0 13 1 1 80 80 67 0 0 0 2498524 50549 0 1455 47391 30483 77758333 4793675 1747355 169897248 167494643 0 0 0 0.000000 10 120 442762 6637338 1 86 0.598617 1200 4535549 59502838 156 607035 5961054 12 128628 3735889 0 0 0
1690588407135895 100 0 88 12 100 100 0 0 0 0 0 0 0 12 0 0 80 80 68 0 0 0 2498524 50980 0 1476 47394 30512 77758333 4793675 1747355 169897248 169897248 0 0 0 0.000000 10 120 442762 6637338 1 78 0.625571 1200 4535549 59502838 144 542919 5537398 12 128628 3735889 0 0 0
1690588409236844 100 0 88 12 100 100 0 0 0 0 0 0 0 12 5 1 80 80 68 0 0 0 2498536 50991 0 1476 48155 30577 79858195 4793710 1747355 171396440 169897248 0 0 0 0.000000 10 120 449331 6637448 1 75 0.542533 1200 4535549 59502838 144 542919 5537398 12 128628 3735889 0 0 0
1690588409237057 100 0 89 11 100 100 0 0 0 0 0 0 0 11 4 0 80 80 69 0 0 0 2498536 51317 0 1495 48158 30602 79858195 4793710 1747355 171396440 171396440 0 0 0 0.000000 10 120 449331 6637448 1 69 0.579890 1200 4535549 59502838 132 510995 5114104 12 128628 3735889 0 0 0
1690588409238405 100 0 90 10 100 100 0 0 0 0 0 0 0 10 3 0 80 80 70 0 0 0 2498541 51673 0 1515 48307 30644 79858895 4793743 1747355 172899055 172899055 0 0 0 0.000000 10 120 449331 6637536 1 63 0.600184 1200 4535549 59502838 120 479071 4691621 12 128628 3735889 0 0 0
1690588409253671 100 0 91 9 100 100 0 0 0 0 0 0 0 9 2 0 80 80 71 0 0 0 2498544 51999 0 1537 48389 30675 79873628 4793775 1747355 174409427 174409427 0 0 0 0.000000 10 120 449331 6637526 1 58 0.613648 1200 4535549 59502838 108 447147 4270386 12 128628 3735889 0 0 0
1690588409327644 100 0 92 8 100 100 0 0 0 0 0 0 0 8 1 0 80 80 72 0 0 0 2498545 52307 0 1557 48474 30702 79947092 4793808 1747355 175946776 175946776 0 0 0 0.000000 10 120 442775 5961066 1 54 0.622580 1200 4535549 59502838 96 415223 3847607 12 128628 3735889 0 0 0
1690588409706778 100 0 93 7 100 100 0 0 0 0 0 0 0 7 0 0 80 80 73 0 0 0 2498547 52627 0 1577 48546 30729 80325694 4793868 1747355 177461810 177461810 0 0 0 0.000000 10 120 442775 5961110 1 50 0.628506 1200 4535549 59502838 84 383299 3425857 12 128628 3735889 0 0 0
1690588414241132 100 0 93 7 100 100 0 0 0 0 0 0 0 7 2 1 80 80 73 0 0 0 2498557 52649 0 1577 48894 30770 84859358 4793917 1747355 178975858 177461810 0 0 0 0.000000 10 120 442775 5960725 1 48 0.554292 1200 4535549 59502838 84 383299 3425857 12 128628 3735889 0 0 0
1690588414241361 100 0 94 6 100 100 0 0 0 0 0 0 0 6 1 0 80 80 74 0 0 0 2498558 52998 0 1597 48897 30800 84859358 4793917 1747355 178975858 178975858 0 0 0 0.000000 10 120 442775 5960725 1 44 0.589468 1200 4535549 59502838 72 351375 3004004 12 128628 3735889 0 0 0
1690588414562281 100 0 95 5 100 100 0 0 0 0 0 0 0 5 0 0 80 80 75 0 0 0 2498560 53461 0 1661 49004 30827 85179608 4793946 1747355 180428834 180428834 0 0 0 0.000000 10 120 442775 5960625 1 40 0.606539 1200 4535549 59502838 60 319451 2581229 12 128628 3735889 0 0 0
1690588416421221 100 0 95 5 100 100 0 0 0 0 0 0 0 5 5 1 80 80 75 0 0 0 2498579 53470 0 1661 49747 30871 87037487 4793978 1747355 181899512 180428834 0 0 0 0.000000 10 120 442775 5960916 1 39 0.537517 1200 4535549 59502838 60 319451 2581229 12 128628 3735889 0 0 0
1690588416421451 100 0 96 4 100 100 0 0 0 0 0 0 0 4 4 0 80 80 76 0 0 0 2498580 53828 0 1683 49751 30894 87037487 4793978 1747355 181899512 181899512 0 0 0 0.000000 10 120 442775 5960916 1 37 0.575805 1200 4535549 59502838 48 287527 2159029 12 128628 3735889 0 0 0
1690588416452544 100 0 97 3 100 100 0 0 0 0 0 0 0 3 3 0 80 80 77 0 0 0 2498582 54198 0 1704 49838 30920 87068014 4794013 1747355 183398446 183398446 0 0 0 0.000000 10 120 423039 5960892 1 35 0.597474 1200 4535549 59502838 36 192476 1265727 12 128628 3735889 0 0 0
1690588416462035 100 0 98 2 100 100 0 0 0 0 0 0 0 2 2 0 80 80 78 0 0 0 2498584 54521 0 1724 49926 30960 87076943 4794078 1747355 184904214 184904214 0 0 0 0.000000 10 120 435922 6057159 1 33 0.611850 1200 4535549 59502838 24 160552 844291 12 128628 3735889 0 0 0
1690588416615894 100 0 99 1 100 100 0 0 0 0 0 0 0 1 1 0 80 80 79 0 0 0 2498587 54807 0 1743 50083 30991 87230171 4794184 1747355 186378096 186378096 0 0 0 0.000000 10 120 435922 6056934 1 31 0.621388 1200 4535549 59502838 12 31924 422073 12 128628 3735889 0 0 0
1690588416686815 100 0 100 0 100 100 0 0 0 0 0 0 0 0 0 0 80 80 80 0 0 0 2498590 55118 0 1765 50219 31026 87300526 4794217 1747355 187878247 187878247 0 0 0 0.000000 10 120 455658 6056870 1 29 0.627715 1200 4535549 59502838 0 0 0 12 128628 3735889 0 0 0
1690588421810444 100 0 63 37 100 100 0 0 0 0 0 0 3 37 0 0 120 117 80 0 0 0 2611140 55155 0 1765 50240 31331 92306839 4798504 1821552 187878247 187878247 0 0 0 0.000000 10 120 455658 6056740 1 28 0.286554 1200 4535549 59502838 444 1691251 26984178 12 128628 3735889 0 0 0
1690588424152768 100 0 62 38 100 100 0 0 0 0 0 0 2 38 1 0 120 117 80 0 0 0 2702129 55158 0 1765 50866 31364 94556875 4798511 1891764 187878247 187878247 0 0 0 0.000000 10 120 455658 6056740 1 27 0.371028 1200 4535549 59502838 444 1691251 26984178 12 128628 3735889 0 0 0
1690588424625437 100 0 63 37 100 100 0 0 0 0 0 0 2 37 0 0 120 118 81 0 0 0 2809289 55648 0 1782 51124 31436 94922127 4798511 1972332 188339214 188339214 0 0 0 0.000000 10 120 455658 6056740 1 25 0.493282 1200 4535549 59502838 444 1626610 26983009 12 128628 3735889 0 0 0
1690588426708604 100 0 62 38 100 100 0 0 0 0 0 0 1 38 0 0 120 118 81 0 0 0 2854627 55650 0 1782 51171 31457 96959394 4798541 2006825 188339214 188339214 0 0 0 0.000000 10 120 475393 6056722 1 24 0.473535 1200 4535549 59502838 444 1626610 26983009 12 128628 3735889 0 0 0
1690588429773214 100 0 62 38 100 100 0 0 0 0 0 0 1 38 0 0 120 119 81 0 0 0 2916355 55651 0 1782 51180 31481 99962629 4798541 2052391 188339214 188339214 0 0 0 0.000000 10 120 475393 6056722 1 23 0.486758 1200 4535549 59502838 456 1755238 27405325 12 128628 3735889 0 0 0
1690588431549289 100 0 61 39 100 100 0 0 0 0 0 0 0 39 6 0 120 119 81 0 0 0 3008637 55657 0 1782 51601 31510 101645490 4798547 2121159 188339214 188339214 0 0 0 0.000000 10 120 475393 6056722 1 22 0.473800 1200 4535549 59502838 456 1755238 27405325 12 128628 3735889 0 0 0
1690588431969489 100 0 62 38 100 100 0 0 0 0 0 0 0 38 19 0 120 120 82 0 0 0 3009144 55973 0 1800 52916 31661 102063749 4798547 2121159 188816895 188816895 0 0 0 0.000000 10 120 475393 6056722 1 20 0.554067 1200 4535549 59502838 456 1692118 24092322 12 128628 3735889 0 0 0
1690588431976590 100 0 63 37 100 100 0 0 0 0 0 0 0 37 18 0 120 120 83 0 0 0 3009145 56231 0 1816 52996 31686 102070395 4798591 2121159 189305778 189305778 0 0 0 0.000000 10 120 488275 6732443 1 20 0.583053 1200 4535549 59502838 444 1597074 20357572 12 128628 3735889 0 0 0
1690588432018919 100 0 64 36 100 100 0 0 0 0 0 0 0 36 18 0 120 120 84 0 0 0 3009148 56502 0 1831 53191 31722 102112127 4798637 2121159 189791924 189791924 0 0 0 0.000000 10 120 501157 7408312 1 20 0.597740 1200 4535549 59502838 432 1565150 19935096 12 128628 3735889 0 0 0
1690588432025167 100 0 65 35 100 100 0 0 0 0 0 0 0 35 17 0 120 120 85 0 0 0 3009150 56779 0 1847 53263 31749 102117930 4798663 2121159 190290072 190290072 0 0 0 0.000000 10 120 494592 7408940 1 20 0.612027 1200 4535549 59502838 420 1533226 19513592 12 128628 3735889 0 0 0
1690588432049564 100 0 66 34 100 100 0 0 0 0 0 0 0 34 16 0 120 120 86 0 0 0 3009150 57101 0 1864 53333 31790 102141826 4798690 2121159 190780380 190780380 0 0 0 0.000000 10 120 494592 7408940 1 20 0.621505 1200 4535549 59502838 408 1469134 19094197 12 128628 3735889 0 0 0
1690588432050202 100 0 67 33 100 100 0 0 0 0 0 0 0 33 15 0 120 120 87 0 0 0 3009150 57505 0 1889 53398 31815 102141876 4798745 2121159 191307440 191307440 0 0 0 0.000000 10 120 501157 7408422 1 20 0.635582 1200 4535549 59502838 396 1405018 18671256 12 128628 3735889 0 0 0
1690588432054333 100 0 68 32 100 100 0 0 0 0 0 0 0 32 14 0 120 120 88 0 0 0 3009155 57792 0 1905 53547 31847 102145469 4798768 2121159 191829568 191829568 0 0 0 0.000000 10 120 507726 7408423 1 20 0.629191 1200 4535549 59502838 384 1373094 18247856 12 128628 3735889 0 0 0
1690588432054903 100 0 69 31 100 100 0 0 0 0 0 0 0 31 13 0 120 120 89 0 0 0 3009156 58220 0 1921 53571 31868 102145501 4798795 2121159 192326082 192326082 0 0 0 0.000000 10 120 507726 7408532 1 20 0.650474 1200 4535549 59502838 372 1308978 17825000 12 128628 3735889 0 0 0
1690588432057891 100 0 70 30 100 100 0 0 0 0 0 0 0 30 12 0 120 120 90 0 0 0 3009157 58519 0 1948 53644 31893 102148028 4798818 2121159 192843045 192843045 0 0 0 0.000000 10 120 514296 7408649 1 20 0.647011 1200 4535549 59502838 360 1277054 17403355 12 128628 3735889 0 0 0
1690588432068633 100 0 71 29 100 100 0 0 0 0 0 0 0 29 11 0 120 120 91 0 0 0 3009159 58817 0 1965 53802 31930 102158184 4798856 2121159 193348091 193348091 0 0 0 0.000000 10 120 514296 7408270 1 20 0.644714 1200 4535549 59502838 348 1245130 16980421 12 128628 3735889 0 0 0
1690588432101312 100 0 72 28 100 100 0 0 0 0 0 0 0 28 10 0 120 120 92 0 0 0 3009162 59087 0 1981 53870 31957 102190425 4798883 2121159 193875229 193875229 0 0 0 0.000000 10 120 514296 7408517 1 20 0.643190 1200 4535549 59502838 336 1213206 16556864 12 128628 3735889 0 0 0
1690588432133516 100 0 73 27 100 100 0 0 0 0 0 0 0 27 9 0 120 120 93 0 0 0 3009164 59580 0 1999 53938 31986 102221971 4798910 2121159 194424711 194424711 0 0 0 0.000000 10 120 514296 7408814 1 20 0.642179 1200 4535549 59502838 324 1181282 16135269 12 128628 3735889 0 0 0
1690588432196834 100 0 74 26 100 100 0 0 0 0 0 0 0 26 9 0 120 120 94 0 0 0 3009169 65191 0 2017 54197 32028 102279297 4798936 2121159 195024614 195024614 0 0 0 0.000000 10 120 514296 7408649 1 20 0.625590 1200 4535549 59502838 312 1149358 15712557 12 128628 3735889 0 0 0
1690588432197517 100 0 75 25 100 100 0 0 0 0 0 0 0 25 8 0 120 120 95 0 0 0 3009169 65684 0 2035 54247 32050 102279335 4798977 2121159 195515923 195515923 0 0 0 0.000000 10 120 501415 6732847 1 20 0.638585 1200 4535549 59502838 300 1117434 15289993 12 128628 3735889 0 0 0
1690588432268804 100 0 76 24 100 100 0 0 0 0 0 0 0 24 7 0 120 120 96 0 0 0 3009172 65940 0 2051 54320 32080 102350161 4799019 2121159 196129795 196129795 0 0 0 0.000000 10 120 488533 6056891 1 20 0.639124 1200 4535549 59502838 288 1085510 14866699 12 128628 3735889 0 0 0
1690588432269461 100 0 77 23 100 100 0 0 0 0 0 0 0 23 6 0 120 120 97 0 0 0 3009173 66224 0 2067 54380 32102 102350369 4799059 2121159 196725709 196725709 0 0 0 0.000000 10 120 488533 6057011 1 20 0.648534 1200 4535549 59502838 276 1053586 14444296 12 128628 3735889 0 0 0
1690588432306713 100 0 78 22 100 100 0 0 0 0 0 0 0 22 5 0 120 120 98 0 0 0 3009177 66641 0 2084 54516 32148 102386952 4799083 2121159 197382875 197382875 0 0 0 0.000000 10 120 481963 6056901 1 20 0.645724 1200 4535549 59502838 264 1021662 14021183 12 128628 3735889 0 0 0
1690588432359543 100 0 79 21 100 100 0 0 0 0 0 0 0 21 4 0 120 120 99 0 0 0 3009179 67047 0 2102 54607 32179 102439184 4799110 2121159 197975003 197975003 0 0 0 0.000000 10 120 481963 6056970 1 20 0.643860 1200 4535549 59502838 252 989738 13598318 12 128628 3735889 0 0 0
1690588432654602 100 0 80 20 100 100 0 0 0 0 0 0 0 20 3 0 120 120 100 0 0 0 3009183 67322 0 2119 54678 32206 102733794 4799139 2121159 198447166 198447166 0 0 0 0.000000 10 120 475393 6056972 1 20 0.642624 1200 4535549 59502838 240 894693 12704405 12 128628 3735889 0 0 0
1690588432781608 100 0 81 19 100 100 0 0 0 0 0 0 0 19 2 0 120 120 101 0 0 0 3009186 67613 0 2136 54761 32234 102860323 4799168 2121159 199222282 199222282 0 0 0 0.000000 10 120 488275 6153443 1 20 0.641803 1200 4535549 59502838 228 862769 11809156 12 128628 3735889 0 0 0
1690588433636761 100 0 82 18 100 100 0 0 0 0 0 0 0 18 2 0 120 120 102 0 0 0 3009189 67898 0 2152 54956 32274 103714880 4799196 2121159 199715318 199715318 0 0 0 0.000000 10 120 488275 6249739 1 20 0.618591 1200 4535549 59502838 216 830845 11386466 12 128628 3735889 0 0 0
1690588439005716 100 0 82 18 100 100 0 0 0 0 0 0 0 18 9 1 120 120 102 0 0 0 3009217 67937 0 2152 55910 32394 109082398 4799264 2121159 200239447 199715318 0 0 0 0.000000 10 120 488275 6249783 1 20 0.526413 1200 4535549 59502838 216 830845 11386466 12 128628 3735889 0 0 0
1690588439005974 100 0 83 17 100 100 0 0 0 0 0 0 0 17 8 0 120 120 103 0 0 0 3009217 68320 0 2172 55914 32416 109082398 4799264 2121159 200239447 200239447 0 0 0 0.000000 10 120 488275 6249783 1 20 0.566761 1200 4535549 59502838 204 798921 10965113 12 128628 3735889 0 0 0
1690588439285938 100 0 84 16 100 100 0 0 0 0 0 0 0 16 7 0 120 120 104 0 0 0 3009223 68616 0 2192 55999 32444 109361861 4799303 2121159 200693513 200693513 0 0 0 0.000000 10 120 481732 6249825 1 20 0.591474 1200 4535549 59502838 192 766997 10542341 12 128628 3735889 0 0 0
1690588439381794 100 0 85 15 100 100 0 0 0 0 0 0 0 15 6 0 120 120 105 0 0 0 3009228 68949 0 2211 56153 32479 109457108 4799337 2121159 201148987 201148987 0 0 0 0.000000 10 120 468849 6153623 1 20 0.607870 1200 4535549 59502838 180 735073 10118818 12 128628 3735889 0 0 0
1690588439400859 100 0 86 14 100 100 0 0 0 0 0 0 0 14 5 0 120 120 106 0 0 0 3009231 69244 0 2231 56299 32512 109475614 4799371 2121159 201614558 201614558 0 0 0 0.000000 10 120 462279 6153600 1 20 0.618747 1200 4535549 59502838 168 703149 9696534 12 128628 3735889 0 0 0
1690588439417248 100 0 87 13 100 100 0 0 0 0 0 0 0 13 4 0 120 120 107 0 0 0 3009234 69567 0 2251 56387 32572 109491404 4799432 2121159 202071625 202071625 0 0 0 0.000000 10 120 449397 6057349 1 20 0.625963 1200 4535549 59502838 156 671225 9275329 12 128628 3735889 0 0 0
1690588439423461 100 0 88 12 100 100 0 0 0 0 0 0 0 12 3 0 120 120 108 0 0 0 3009236 69923 0 2271 56479 32600 109497057 4799467 2121159 202545997 202545997 0 0 0 0.000000 10 120 449397 6057046 1 20 0.630750 1200 4535549 59502838 144 576174 8381169 12 128628 3735889 0 0 0
1690588439451266 100 0 89 11 100 100 0 0 0 0 0 0 0 11 2 0 120 120 109 0 0 0 3009238 70237 0 2292 56611 32632 109524296 4799502 2121159 203109611 203109611 0 0 0 0.000000 10 120 462280 6153478 1 20 0.633926 1200 4535549 59502838 132 544250 7958177 12 128628 3735889 0 0 0
1690588440555007 100 0 89 11 100 100 0 0 0 0 0 0 0 11 3 1 120 120 109 0 0 0 3009243 70242 0 2292 56770 32645 110627533 4799537 2121159 212027955 203109611 0 0 0 0.000000 10 120 462280 6153363 1 20 0.585331 1200 4535549 59502838 132 544250 7958177 12 128628 3735889 0 0 0
1690588440555284 100 0 90 10 100 100 0 0 0 0 0 0 0 10 2 0 120 120 110 0 0 0 3009243 70735 0 2329 56774 32665 110627533 4799537 2121159 212027955 212027955 0 0 0 0.000000 10 120 462280 6153363 1 20 0.614750 1200 4535549 59502838 120 512326 7535537 12 128628 3735889 0 0 0
1690588441087857 100 0 91 9 100 100 0 0 0 0 0 0 0 9 1 0 120 120 111 0 0 0 3009247 71058 0 2348 56906 32699 111159533 4799571 2121159 212574701 212574701 0 0 0 0.000000 10 120 462280 6153668 1 20 0.623311 1200 4535549 59502838 108 480402 7113437 12 128628 3735889 0 0 0
1690588441558261 100 0 92 8 100 100 0 0 0 0 0 0 0 8 1 0 120 120 112 0 0 0 3009255 71377 0 2367 57135 32749 111629212 4799631 2121159 213032634 213032634 0 0 0 0.000000 10 120 462280 6153558 1 20 0.615394 1200 4535549 59502838 96 448478 6691709 12 128628 3735889 0 0 0
1690588441822656 100 0 93 7 100 100 0 0 0 0 0 0 0 7 0 0 120 120 113 0 0 0 3009257 78268 0 2389 57266 32778 111886475 4799663 2121159 223163879 223163879 0 0 0 0.000000 10 120 462280 6056921 1 20 0.623739 1200 4535549 59502838 84 416554 6269174 12 128628 3735889 0 0 0
1690588444938375 100 0 93 7 100 100 0 0 0 0 0 0 0 7 1 1 120 120 113 0 0 0 3009264 78272 0 2389 57566 32800 115001635 4799697 2121159 223651048 223163879 0 0 0 0.000000 10 120 462280 6056720 1 20 0.566912 1200 4535549 59502838 84 416554 6269174 12 128628 3735889 0 0 0
1690588444938583 100 0 94 6 100 100 0 0 0 0 0 0 0 6 0 0 120 120 114 0 0 0 3009265 78600 0 2407 57569 32820 115001635 4799697 2121159 223651048 223651048 0 0 0 0.000000 10 120 462280 6056720 1 20 0.599748 1200 4535549 59502838 72 352438 5845538 12 128628 3735889 0 0 0
1690588446811622 100 0 94 6 100 100 0 0 0 0 0 0 0 6 3 1 120 120 114 0 0 0 3009269 78606 0 2407 57971 44178 116862643 4799739 2121159 224110001 223651048 0 0 0 0.000000 10 120 455967 5960710 1 20 0.551079 1200 4535549 59502838 72 352438 5845538 12 128628 3735889 0 0 0
1690588446811876 100 0 95 5 100 100 0 0 0 0 0 0 0 5 2 0 120 120 115 0 0 0 3009271 78981 0 2430 57974 44213 116862643 4799739 2121159 224110001 224110001 0 0 0 0.000000 10 120 455967 5960710 1 20 0.586851 1200 4535549 59502838 60 320514 5423199 12 128628 3735889 0 0 0
1690588446818455 100 0 96 4 100 100 0 0 0 0 0 0 0 4 1 0 120 120 116 0 0 0 3009273 79263 0 2448 58122 44239 116868580 4799876 2121159 224574844 224574844 0 0 0 0.000000 10 120 455967 5960917 1 20 0.604803 1200 4535549 59502838 48 288590 5000493 12 128628 3735889 0 0 0
1690588446837913 100 0 97 3 100 100 0 0 0 0 0 0 0 3 0 0 120 120 117 0 0 0 3009274 79525 0 2470 58200 44264 116887574 4799928 2121159 225028467 225028467 0 0 0 0.000000 10 120 455967 5961091 1 20 0.616712 1200 4535549 59502838 36 224539 1264604 12 128628 3735889 0 0 0
1690588452295511 100 0 97 3 100 100 0 0 0 0 0 0 0 3 1 1 120 120 117 0 0 0 3009283 79530 0 2470 58624 44311 122344408 4799967 2121159 225470760 225028467 0 0 0 0.000000 10 120 455954 6637057 1 20 0.554088 1200 4535549 59502838 36 224539 1264604 12 128628 3735889 0 0 0
1690588452295757 100 0 98 2 100 100 0 0 0 0 0 0 0 2 0 0 120 120 118 0 0 0 3009283 79919 0 2495 58627 44345 122344408 4799967 2121159 225470760 225470760 0 0 0 0.000000 10 120 455954 6637057 1 20 0.589302 1200 4535549 59502838 24 160552 843457 12 128628 3735889 0 0 0
1690588454291323 100 0 98 2 100 100 0 0 0 0 0 0 0 2 1 1 120 120 118 0 0 0 3009287 79922 0 2495 58865 44366 124339431 4800019 2121159 226022268 225470760 0 0 0 0.000000 10 120 462497 6636619 1 20 0.558613 1200 4535549 59502838 24 160552 843457 12 128628 3735889 0 0 0
1690588454291549 100 0 99 1 100 100 0 0 0 0 0 0 0 1 0 0 120 120 119 0 0 0 3009287 80270 0 2514 58869 44394 124339431 4800019 2121159 226022268 226022268 0 0 0 0.000000 10 120 462497 6636619 1 20 0.592987 1200 4535549 59502838 12 128628 422316 12 128628 3735889 0 0 0
1690588455065313 100 0 100 0 100 100 0 0 0 0 0 0 0 0 0 0 120 120 120 0 0 0 3009291 80595 0 2539 59063 44429 125112550 4800056 2121159 226470965 226470965 0 0 0 0.000000 10 120 462497 6636345 1 20 0.599008 1200 4535549 59502838 0 0 0 12 128628 3735889 0 0 0
1690588460093207 100 0 60 40 100 100 0 0 0 0 0 0 0 40 31 0 160 160 120 0 0 0 3026452 80636 0 2539 59771 44748 130119038 4803107 2126467 226470965 226470965 0 0 0 0.000000 10 120 482233 6636565 1 20 0.277310 1200 4535549 59502838 480 1819086 28248403 12 128628 3735889 0 0 0
1690588505379728 100 0 60 40 100 100 0 0 0 0 0 0 0 40 40 1 160 160 120 0 0 0 3026544 80738 0 2539 78458 45180 175385756 4803198 2126467 276768704 226470965 0 0 0 0.000000 10 120 482233 6636565 1 20 0.512804 1200 4535549 59535427 480 1819086 28248403 12 128628 3736841 0 0 0
1690588505379950 100 0 61 39 100 100 0 0 0 0 0 0 0 39 39 0 160 160 121 0 0 0 3026545 81110 0 2561 78461 45204 175385756 4803198 2126467 276768704 276768704 0 0 0 0.000000 10 120 482233 6636565 1 20 0.555675 1200 4535549 59535427 468 1755035 24512514 12 128628 3736841 0 0 0
1690588505450516 100 0 62 38 100 100 0 0 0 0 0 0 0 38 38 0 160 160 122 0 0 0 3026549 81511 0 2583 78542 45236 175455589 4803340 2126467 327136414 327136414 0 0 0 0.000000 10 120 488789 7312710 48928 4790 0.584120 1200 4535549 59535427 456 1723111 24089401 12 128628 3736841 0 0 0
1690588505641458 100 0 63 37 100 100 0 0 0 0 0 0 0 37 37 0 160 160 123 0 0 0 3026551 81869 0 2619 78623 45271 175645949 4803387 2126467 377706654 377706654 0 0 0 0.000000 10 120 488789 7312988 45998 8809 0.602991 1200 4535549 59535427 444 1691187 23666998 12 128628 3736841 0 0 0
1690588505914480 100 0 64 36 100 100 0 0 0 0 0 0 0 36 36 0 160 160 124 0 0 0 3026556 82293 0 2643 78763 45307 175918242 4803451 2126467 428541176 428541176 0 0 0 0.000000 10 120 488789 7313101 49628 12789 0.615510 1200 4535549 59535427 432 1659263 23245793 12 128628 3736841 0 0 0
1690588505920481 100 0 65 35 100 100 0 0 0 0 0 0 0 35 35 0 160 160 125 0 0 0 3026559 82672 0 2665 78912 45348 175923562 4803500 2126467 479386799 479386799 0 0 0 0.000000 10 120 488789 7312780 42755 15712 0.623816 1200 4535549 59535427 420 1627339 22823509 12 128628 3736841 0 0 0
1690588505930980 100 0 66 34 100 100 0 0 0 0 0 0 0 34 34 0 160 160 126 0 0 0 3026560 83047 0 2685 79050 45388 175933409 4803550 2126467 530235954 530235954 0 0 0 0.000000 10 120 488789 7312797 40131 18093 0.629326 1200 4535549 59535427 408 1595415 22400109 12 128628 3736841 0 0 0
1690588505947009 100 0 67 33 100 100 0 0 0 0 0 0 0 33 33 0 160 160 127 0 0 0 3026560 83360 0 2703 79128 45429 175948915 4803591 2126467 581110461 581110461 0 0 0 0.000000 10 120 475906 7216899 45120 20729 0.632981 1200 4535549 59535427 396 1563491 21978381 12 128628 3736841 0 0 0
1690588505958610 100 0 68 32 100 100 0 0 0 0 0 0 0 32 32 0 160 160 128 0 0 0 3026563 83677 0 2722 79204 45459 175959987 4803645 2126467 631996882 631996882 0 0 0 0.000000 10 120 475906 7216959 54763 24048 0.635406 1200 4535549 59535427 384 1531567 21555516 12 128628 3736841 0 0 0
1690588505969594 100 0 69 31 100 100 0 0 0 0 0 0 0 31 31 0 160 160 129 0 0 0 3026568 84090 0 2742 79381 45501 175970237 4803693 2126467 682885980 682885980 0 0 0 0.000000 10 120 456170 7217091 49024 26484 0.637015 1200 4535549 59535427 372 1499643 21131993 12 128628 3736841 0 0 0
1690588505978616 100 0 70 30 100 100 0 0 0 0 0 0 0 30 30 0 160 160 130 0 0 0 3026573 84426 0 2763 79520 45539 175978635 4803751 2126467 733786535 733786535 0 0 0 0.000000 10 120 456170 7217387 39541 27758 0.638083 1200 4535549 59535427 360 1467719 20709517 12 128628 3736841 0 0 0
1690588505981476 100 0 71 29 100 100 0 0 0 0 0 0 0 29 29 0 160 160 131 0 0 0 3026577 84813 0 2785 79596 45566 175980895 4803797 2126467 784693819 784693819 0 0 0 0.000000 10 120 436435 7217419 44807 29421 0.638791 1200 4535549 59535427 348 1435795 20287178 12 128628 3736841 0 0 0
1690588505987598 100 0 72 28 100 100 0 0 0 0 0 0 0 28 28 0 160 160 132 0 0 0 3026579 85179 0 2805 79685 45598 175986435 4803846 2126467 835602542 835602542 0 0 0 0.000000 10 120 423553 6541541 45413 30981 0.639260 1200 4535549 59535427 336 1371679 19864322 12 128628 3736841 0 0 0
1690588506021175 100 0 73 27 100 100 0 0 0 0 0 0 0 27 27 0 160 160 133 0 0 0 3026582 85747 0 2828 79843 57152 176007641 4803880 2126467 886534884 886534884 0 0 0 0.000000 10 120 417242 5865644 50058 33703 0.639572 1200 4535549 59535427 324 1339755 19441616 12 128628 3736841 0 0 0
1690588506047953 100 0 74 26 100 100 0 0 0 0 0 0 0 26 26 0 160 160 134 0 0 0 3026583 86268 0 2849 80006 57188 176033488 4804007 2126467 937499336 937499336 0 0 0 0.000000 10 120 417242 5865691 3965 30805 0.639779 1200 4535549 59535427 312 1275639 19017980 12 128628 3736841 0 0 0
1690588506071792 100 0 75 25 100 100 0 0 0 0 0 0 0 25 25 0 160 160 135 0 0 0 3026584 86589 0 2882 80096 57219 176056786 4804058 2126467 988489956 988489956 0 0 0 0.000000 10 120 423811 5866126 37808 31489 0.639916 1200 4535549 59535427 300 1243715 18595046 12 128628 3736841 0 0 0
1690588506114900 100 0 76 24 100 100 0 0 0 0 0 0 0 24 24 0 160 160 136 0 0 0 3026586 87041 0 2902 80172 57247 176099225 4804121 2126467 1039528816 1039528816 0 0 0 0.000000 10 120 417246 5866848 48749 33172 0.640007 1200 4535549 59535427 288 1211791 18173451 12 128628 3736841 0 0 0
1690588506148569 100 0 77 23 100 100 0 0 0 0 0 0 0 23 23 0 160 160 137 0 0 0 3026589 87360 0 2925 80276 57280 176132348 4804160 2126467 1090604286 1090604286 0 0 0 0.000000 10 120 410677 5866574 46954 34517 0.640067 1200 4535549 59535427 276 1179867 17752098 12 128628 3736841 0 0 0
1690588506154129 100 0 78 22 100 100 0 0 0 0 0 0 0 22 22 0 160 160 138 0 0 0 3026593 87723 0 2947 80403 57328 176137244 4804220 2126467 1141682671 1141682671 0 0 0 0.000000 10 120 410677 5866156 48783 35909 0.640107 1200 4535549 59535427 264 1147943 17329106 12 128628 3736841 0 0 0
1690588506165891 100 0 79 21 100 100 0 0 0 0 0 0 0 21 21 0 160 160 139 0 0 0 3026594 88057 0 2975 80489 57359 176148464 4804265 2126467 1192769238 1192769238 0 0 0 0.000000 10 120 404107 5866184 44689 36766 0.640134 1200 4535549 59535427 252 1116019 16906334 12 128628 3736841 0 0 0
1690588506212801 100 0 80 20 100 100 0 0 0 0 0 0 0 20 20 0 160 160 140 0 0 0 3026597 88414 0 3000 80566 57394 176194806 4804315 2126467 1243912218 1243912218 0 0 0 0.000000 10 120 404107 5866414 49938 38051 0.640152 1200 4535549 59535427 240 1084095 16011085 12 128628 3736841 0 0 0
1690588506233986 100 0 81 19 100 100 0 0 0 0 0 0 0 19 19 0 160 160 141 0 0 0 3026598 88804 0 3023 80650 57442 176215353 4804353 2126467 1295075369 1295075369 0 0 0 0.000000 10 120 404107 5962804 46964 38921 0.640163 1200 4535549 59535427 228 1052171 15588521 12 128628 3736841 0 0 0
1690588506248791 100 0 82 18 100 100 0 0 0 0 0 0 0 18 18 0 160 160 142 0 0 0 3026600 89205 0 3045 80795 57481 176229470 4804404 2126467 1346247521 1346247521 0 0 0 0.000000 10 120 404107 5962602 47817 39789 0.640171 1200 4535549 59535427 216 1020247 15165809 12 128628 3736841 0 0 0
1690588506262935 100 0 83 17 100 100 0 0 0 0 0 0 0 17 17 0 160 160 143 0 0 0 3026606 89565 0 3067 80964 57517 176242933 4804454 2126467 1397432821 1397432821 0 0 0 0.000000 10 120 404107 5962830 40389 39848 0.640176 1200 4535549 59535427 204 956131 14742868 12 128628 3736841 0 0 0
1690588506405510 100 0 84 16 100 100 0 0 0 0 0 0 0 16 16 0 160 160 144 0 0 0 3026610 89964 0 3087 81112 57552 176384809 4804508 2126467 1448764548 1448764548 0 0 0 0.000000 10 120 410677 5962876 42372 40095 0.640180 1200 4535549 59535427 192 924207 14321364 12 128628 3736841 0 0 0
1690588507127320 100 0 85 15 100 100 0 0 0 0 0 0 0 15 15 0 160 160 145 0 0 0 3026612 90321 0 3106 81262 57598 177105951 4804572 2126467 1500811036 1500811036 0 0 0 0.000000 10 120 410677 5962660 42007 40282 0.640182 1200 4535549 59535427 180 795579 13899048 12 128628 3736841 0 0 0
1690588509379801 100 0 85 15 100 100 0 0 0 0 0 0 0 15 15 1 160 160 145 0 0 0 3026615 90324 0 3106 81338 57608 179358028 4804612 2126467 1555120671 1500811036 0 0 0 0.000000 10 120 430412 5962460 45615 40549 0.597315 1200 4535549 59535427 180 795579 13899048 12 128628 3736841 0 0 0
1690588509379986 100 0 86 14 100 100 0 0 0 0 0 0 0 14 14 0 160 160 146 0 0 0 3026616 90715 0 3130 81341 57628 179358028 4804612 2126467 1555120671 1555120671 0 0 0 0.000000 10 120 430412 5962460 45615 41044 0.624510 1200 4535549 59535427 168 763655 13475754 12 128628 3736841 0 0 0
1690588511092445 100 0 86 14 100 100 0 0 0 0 0 0 0 14 14 1 160 160 146 0 0 0 3026620 90717 0 3130 81415 57637 181069889 4804658 2126467 1611134654 1555120671 0 0 0 0.000000 10 120 430412 5962642 47185 41352 0.594923 1200 4535549 59535427 168 763655 13475754 12 128628 3736841 0 0 0
1690588511092761 100 0 87 13 100 100 0 0 0 0 0 0 0 13 13 0 160 160 147 0 0 0 3026621 91431 0 3171 81418 57655 181069889 4804658 2126467 1611134654 1611134654 0 0 0 0.000000 10 120 430412 5962642 47185 41922 0.622562 1200 4535549 59535427 156 699563 13056359 12 128628 3736841 0 0 0
1690588511205015 100 0 88 12 100 100 0 0 0 0 0 0 0 12 12 0 160 160 148 0 0 0 3026623 91717 0 3193 81488 57692 181181672 4804695 2126467 1667267897 1667267897 0 0 0 0.000000 10 120 436977 5961884 40976 41831 0.628494 1200 4535549 59535427 144 604519 9321609 12 128628 3736841 0 0 0
1690588511402363 100 0 89 11 100 100 0 0 0 0 0 0 0 11 11 0 160 160 149 0 0 0 3026625 92075 0 3215 81628 57715 181378395 4804757 2126467 1723594743 1723594743 0 0 0 0.000000 10 120 449859 6637778 51311 42756 0.632429 1200 4535549 59535427 132 509475 5587465 12 128628 3736841 0 0 0
1690588511561484 100 0 90 10 100 100 0 0 0 0 0 0 0 10 10 0 160 160 150 0 0 0 3026626 92470 0 3233 81704 57747 181536929 4804797 2126467 1780072238 1780072238 0 0 0 0.000000 10 120 449858 7217417 39779 42467 0.635040 1200 4535549 59535427 120 414430 4693552 12 128628 3736841 0 0 0
1690588512137789 100 0 91 9 100 100 0 0 0 0 0 0 0 9 9 0 160 160 151 0 0 0 3026627 92774 0 3255 81786 57788 182112695 4804851 2126467 1837125685 1837125685 0 0 0 0.000000 10 120 462740 7217145 40986 42323 0.636772 1200 4535549 59535427 108 319379 3799392 12 128628 3736841 0 0 0
1690588520243282 100 0 91 9 100 100 0 0 0 0 0 0 0 9 9 1 160 160 151 0 0 0 3026637 92784 0 3255 81952 57845 190217625 4804915 2126467 1887427652 1837125685 0 0 0 0.000000 10 120 475623 7313363 45607 42488 0.557256 1200 4535549 59535427 108 319379 3799392 12 128628 3736841 0 0 0
1690588520243498 100 0 92 8 100 100 0 0 0 0 0 0 0 8 8 0 160 160 152 0 0 0 3026637 93170 0 3291 81956 57867 190217625 4804915 2126467 1887427652 1887427652 0 0 0 0.000000 10 120 475623 7313363 45607 42793 0.591882 1200 4535549 59535427 96 287455 3376857 12 128628 3736841 0 0 0
1690588520785517 100 0 93 7 100 100 0 0 0 0 0 0 0 7 7 0 160 160 153 0 0 0 3026639 93483 0 3309 82045 57892 190759122 4804957 2126467 1938270780 1938270780 0 0 0 0.000000 10 120 475623 7313604 4 38622 0.608140 1200 4535549 59535427 84 255531 2954920 12 128628 3736841 0 0 0
1690588520938578 100 0 94 6 100 100 0 0 0 0 0 0 0 6 6 0 160 160 154 0 0 0 3026639 93821 0 3331 82175 57919 190911566 4805032 2126467 1989265045 1989265045 0 0 0 0.000000 10 120 475623 7313434 4 34858 0.618926 1200 4535549 59535427 72 223607 2533275 12 128628 3736841 0 0 0
1690588520943546 100 0 95 5 100 100 0 0 0 0 0 0 0 5 5 0 160 160 155 0 0 0 3026639 94137 0 3351 82267 57958 190915998 4805077 2126467 2040242300 2040242300 0 0 0 0.000000 10 120 475623 7313051 4 31461 0.626082 1200 4535549 59535427 60 191683 2112134 12 128628 3736841 0 0 0
1690588521274045 100 0 96 4 100 100 0 0 0 0 0 0 0 4 4 0 160 160 156 0 0 0 3026642 94519 0 3370 82357 57987 191245919 4805110 2126467 2091566293 2091566293 0 0 0 0.000000 10 120 475623 7312817 4 28395 0.630829 1200 4535549 59535427 48 159759 1689444 12 128628 3736841 0 0 0
1690588521464042 100 0 97 3 100 100 0 0 0 0 0 0 0 3 3 0 160 160 157 0 0 0 3026643 94818 0 3389 82448 58015 191435390 4805174 2126467 2143089763 2143089763 0 0 0 0.000000 10 120 475623 7313120 4 25628 0.633979 1200 4535549 59535427 36 127835 1267344 12 128628 3736841 0 0 0
1690588523607612 100 0 97 3 100 100 0 0 0 0 0 0 0 3 3 1 160 160 157 0 0 0 3026648 94822 0 3389 82607 58037 193578386 4805243 2126467 2196632004 2143089763 0 0 0 0.000000 10 120 462740 7216782 4 24347 0.593199 1200 4535549 59535427 36 127835 1267344 12 128628 3736841 0 0 0
1690588523607812 100 0 98 2 100 100 0 0 0 0 0 0 0 2 2 0 160 160 158 0 0 0 3026649 95263 0 3408 82610 58061 193578386 4805243 2126467 2196632004 2196632004 0 0 0 0.000000 10 120 462740 7216782 4 21974 0.621158 1200 4535549 59535427 24 95911 843787 12 128628 3736841 0 0 0
1690588525934937 100 0 98 2 100 100 0 0 0 0 0 0 0 2 2 1 160 160 158 0 0 0 3026653 95267 0 3408 82800 58081 195904957 4805276 2126467 2247416210 2196632004 0 0 0 0.000000 10 120 462740 7216897 4 20876 0.584694 1200 4535549 59535427 24 95911 843787 12 128628 3736841 0 0 0
1690588525935184 100 0 99 1 100 100 0 0 0 0 0 0 0 1 1 0 160 160 159 0 0 0 3026653 95740 0 3431 82803 58105 195904957 4805276 2126467 2247416210 2247416210 0 0 0 0.000000 10 120 462740 7216897 4 18842 0.614231 1200 4535549 59535427 12 63987 421147 12 128628 3736841 0 0 0
1690588530939108 100 0 99 1 100 100 0 0 0 0 0 0 0 1 1 1 160 160 159 0 0 0 3026663 95745 0 3431 83014 58144 200908172 4805341 2126467 2308363002 2247416210 0 0 0 0.000000 10 120 462740 7216897 3 17901 0.567619 1200 4535549 59535427 12 63987 421147 12 128628 3736841 0 0 0
1690588530939320 100 0 100 0 100 100 0 0 0 0 0 0 0 0 0 0 160 160 160 0 0 0 3026663 96250 0 3455 83017 58177 200908172 4805341 2126467 2308363002 2308363002 0 0 0 0.000000 10 120 462740 7216897 3 16157 0.600323 1200 4535549 59535427 0 0 0 12 128628 3736841 0 0 0
1690588535966253 100 0 60 40 100 100 0 0 0 0 0 0 0 40 40 0 200 200 160 0 0 0 3042604 96284 0 3455 83848 58488 205914913 4808303 2131743 2308363002 2308363002 0 0 0 0.000000 10 120 469284 7216703 5 15350 0.321070 1200 4535549 59535427 480 1819086 28280951 12 128628 3736841 0 0 0
1690588540178210 100 0 60 40 100 100 0 0 0 0 0 0 0 40 40 1 200 200 160 0 0 0 3042611 96291 0 3455 84031 58529 210126289 4808323 2131743 2317596647 2308363002 0 0 0 0.000000 10 120 469284 7216703 5 14583 0.398012 1200 4535549 59535427 480 1819086 28280951 12 128628 3736841 0 0 0
1690588540185437 100 0 61 39 100 100 0 0 0 0 0 0 0 39 39 0 200 200 161 0 0 0 3042613 103755 0 10483 84034 58549 210126289 4808323 2131743 2317596647 2317596647 0 0 12 0.000004 10 120 469284 7216703 5 13163 0.462177 1200 4535549 59535427 468 1787162 27857239 12 128628 3736841 0 0 0
1690588540202585 100 0 62 38 100 100 0 0 0 0 0 0 0 38 38 0 200 200 162 0 0 0 3042615 109742 0 16188 84118 58579 210137219 4808385 2131743 2326847265 2326847265 0 0 24 0.000007 10 120 469284 7217107 1121 11989 0.522091 1200 4535549 59535427 456 1755238 27434365 12 128628 3736841 0 0 0
1690588540238022 100 0 63 37 100 100 0 0 0 0 0 0 0 37 37 0 200 200 163 0 0 0 3042618 116241 0 22369 84200 58608 210165937 4808430 2131743 2336126293 2336126293 0 0 36 0.000011 10 120 469284 7217177 1394 10957 0.561840 1200 4535549 59535427 444 1723314 27010447 12 128628 3736841 0 0 0
1690588540251936 100 0 64 36 100 100 0 0 0 0 0 0 0 36 36 0 200 200 164 0 0 0 3042622 122525 0 28331 84351 58641 210173269 4808492 2131743 2345423117 2345423117 0 0 48 0.000014 10 120 462714 7217234 1303 10017 0.588210 1200 4535549 59535427 432 1691390 26587014 12 128628 3736841 0 0 0
1690588540287222 100 0 65 35 100 100 0 0 0 0 0 0 0 35 35 0 200 200 165 0 0 0 3042626 128843 0 34306 84457 58671 210201980 4808537 2131743 2354746563 2354746563 0 0 60 0.000018 10 120 462714 7217457 1336 9171 0.605704 1200 4535549 59535427 420 1659466 26163777 12 128628 3736841 0 0 0
1690588540311319 100 0 66 34 100 100 0 0 0 0 0 0 0 34 34 0 200 200 166 0 0 0 3042627 148804 0 53969 84547 58703 210205894 4808588 2131743 2364088574 2364088574 0 0 72 0.000022 10 120 462714 7217566 1326 8407 0.617310 1200 4535549 59535427 408 1627542 25741741 12 128628 3736841 0 0 0
1690588540336330 100 0 70 30 100 100 0 0 0 0 0 0 0 30 30 0 200 200 170 0 0 0 3042629 173447 0 76391 84736 58732 210205945 4808635 2131743 2401496234 2401496234 0 0 120 0.000036 16 192 719382 10468851 444 6627 0.717270 1200 4535549 59535427 360 1403142 24046085 12 128628 3736841 0 0 0
1690588540336509 100 0 70 30 100 100 0 0 0 0 0 0 0 30 30 0 200 200 170 0 0 0 3042629 173447 0 76391 84736 58774 210205945 4808699 2131743 2401496234 2401496234 0 0 120 0.000036 16 192 708892 9386900 231 6308 0.717270 1200 4535549 59535427 360 1403142 24046085 12 128628 3736841 0 0 0
1690588540336621 100 0 70 30 100 100 0 0 0 0 0 0 0 30 30 0 200 200 170 0 0 0 3042629 173447 0 76391 84736 58801 210205945 4808737 2131743 2401496234 2401496234 0 0 120 0.000036 16 192 708892 9386900 231 6005 0.717270 1200 4535549 59535427 360 1403142 24046085 12 128628 3736841 0 0 0
1690588540336725 100 0 70 30 100 100 0 0 0 0 0 0 0 30 30 0 200 200 170 0 0 0 3042629 173447 0 76391 84736 58828 210205945 4808763 2131743 2401496234 2401496234 0 0 120 0.000036 16 192 708892 9386900 231 5717 0.717270 1200 4535549 59535427 360 1403142 24046085 12 128628 3736841 0 0 0
1690588540435889 100 0 81 19 100 100 0 0 0 0 0 0 0 19 19 0 200 200 181 0 0 0 3042631 272045 0 169363 85151 58854 210205999 4808786 2131743 2504583294 2504583294 0 0 252 0.000073 13 156 584515 7628726 98 3181 0.864125 1200 4535549 59535427 228 1019786 19392022 12 128628 3736841 0 0 0
1690588540436026 100 0 81 19 100 100 0 0 0 0 0 0 0 19 19 0 200 200 181 0 0 0 3042631 272045 0 169363 85151 58882 210205999 4808834 2131743 2504583294 2504583294 0 0 252 0.000073 12 144 531669 7041613 94 3027 0.864125 1200 4535549 59535427 228 1019786 19392022 12 128628 3736841 0 0 0
1690588540436216 100 0 81 19 100 100 0 0 0 0 0 0 0 19 19 0 200 200 181 0 0 0 3042631 272045 0 169363 85151 58926 210205999 4808927 2131743 2504583294 2504583294 0 0 252 0.000073 12 144 531669 7041613 94 2881 0.864125 1200 4535549 59535427 228 1019786 19392022 12 128628 3736841 0 0 0
1690588540436312 100 0 81 19 100 100 0 0 0 0 0 0 0 19 19 0 200 200 181 0 0 0 3042631 272045 0 169363 85151 58951 210205999 4808951 2131743 2504583294 2504583294 0 0 252 0.000073 12 144 531669 7041613 94 2742 0.864125 1200 4535549 59535427 228 1019786 19392022 12 128628 3736841 0 0 0
1690588540436417 100 0 81 19 100 100 0 0 0 0 0 0 0 19 19 0 200 200 181 0 0 0 3042631 272045 0 169363 85151 58976 210205999 4808974 2131743 2504583294 2504583294 0 0 252 0.000073 12 144 531669 7041613 94 2610 0.864125 1200 4535549 59535427 228 1019786 19392022 12 128628 3736841 0 0 0
1690588540436508 100 0 81 19 100 100 0 0 0 0 0 0 0 19 19 0 200 200 181 0 0 0 3042631 272045 0 169363 85151 59000 210205999 4808997 2131743 2504583294 2504583294 0 0 252 0.000073 12 144 531669 7041613 94 2485 0.864125 1200 4535549 59535427 228 1019786 19392022 12 128628 3736841 0 0 0
1690588540436602 100 0 81 19 100 100 0 0 0 0 0 0 0 19 19 0 200 200 181 0 0 0 3042631 272045 0 169363 85151 59024 210205999 4809023 2131743 2504583294 2504583294 0 0 252 0.000073 12 144 531669 7041613 94 2366 0.864125 1200 4535549 59535427 228 1019786 19392022 12 128628 3736841 0 0 0
1690588540436690 100 0 81 19 100 100 0 0 0 0 0 0 0 19 19 0 200 200 181 0 0 0 3042631 272045 0 169363 85151 59047 210205999 4809044 2131743 2504583294 2504583294 0 0 252 0.000073 12 144 531669 7041613 94 2253 0.864125 1200 4535549 59535427 228 1019786 19392022 12 128628 3736841 0 0 0
1690588540436794 100 0 81 19 100 100 0 0 0 0 0 0 0 19 19 0 200 200 181 0 0 0 3042631 272045 0 169363 85151 59085 210205999 4809065 2131743 2504583294 2504583294 0 0 252 0.000073 12 144 531669 7041613 94 2146 0.864125 1200 4535549 59535427 228 1019786 19392022 12 128628 3736841 0 0 0
1690588540436888 100 0 81 19 100 100 0 0 0 0 0 0 0 19 19 0 200 200 181 0 0 0 3042631 272045 0 169363 85151 59110 210205999 4809091 2131743 2504583294 2504583294 0 0 252 0.000073 12 144 531669 7041613 94 2044 0.864125 1200 4535549 59535427 228 1019786 19392022 12 128628 3736841 0 0 0
1690588540436981 100 0 81 19 100 100 0 0 0 0 0 0 0 19 19 0 200 200 181 0 0 0 3042631 272045 0 169363 85151 59135 210205999 4809117 2131743 2504583294 2504583294 0 0 252 0.000073 12 144 531669 7041613 94 1947 0.864125 1200 4535549 59535427 228 1019786 19392022 12 128628 3736841 0 0 0
1690588540501940 100 0 92 8 100 100 0 0 0 0 0 0 0 8 8 0 200 200 192 0 0 0 3042632 336441 0 228411 85568 59160 210206054 4809138 2131743 2608203439 2608203439 0 0 384 0.000108 10 120 449627 5869250 85 1107 0.902825 1200 4535549 59535427 96 604238 14265598 12 128628 3736841 0 0 0
1690588540502094 100 0 92 8 100 100 0 0 0 0 0 0 0 8 8 0 200 200 192 0 0 0 3042632 336441 0 228411 85568 59186 210206054 4809184 2131743 2608203439 2608203439 0 0 384 0.000108 10 120 443057 5869025 85 1056 0.902825 1200 4535549 59535427 96 604238 14265598 12 128628 3736841 0 0 0
1690588540502232 100 0 92 8 100 100 0 0 0 0 0 0 0 8 8 0 200 200 192 0 0 0 3042632 336441 0 228411 85568 59226 210206054 4809232 2131743 2608203439 2608203439 0 0 384 0.000108 10 120 443057 5869025 85 1008 0.902825 1200 4535549 59535427 96 604238 14265598 12 128628 3736841 0 0 0
1690588540502319 100 0 92 8 100 100 0 0 0 0 0 0 0 8 8 0 200 200 192 0 0 0 3042632 336441 0 228411 85568 59249 210206054 4809253 2131743 2608203439 2608203439 0 0 384 0.000108 10 120 443057 5869025 85 962 0.902825 1200 4535549 59535427 96 604238 14265598 12 128628 3736841 0 0 0
1690588540502409 100 0 92 8 100 100 0 0 0 0 0 0 0 8 8 0 200 200 192 0 0 0 3042632 336441 0 228411 85568 59271 210206054 4809274 2131743 2608203439 2608203439 0 0 384 0.000108 10 120 443057 5869025 85 919 0.902825 1200 4535549 59535427 96 604238 14265598 12 128628 3736841 0 0 0
1690588540502499 100 0 92 8 100 100 0 0 0 0 0 0 0 8 8 0 200 200 192 0 0 0 3042632 336441 0 228411 85568 59295 210206054 4809299 2131743 2608203439 2608203439 0 0 384 0.000108 10 120 443057 5869025 85 878 0.902825 1200 4535549 59535427 96 604238 14265598 12 128628 3736841 0 0 0
1690588540502623 100 0 92 8 100 100 0 0 0 0 0 0 0 8 8 0 200 200 192 0 0 0 3042632 336441 0 228411 85568 59329 210206054 4809323 2131743 2608203439 2608203439 0 0 384 0.000108 10 120 443057 5869025 85 839 0.902825 1200 4535549 59535427 96 604238 14265598 12 128628 3736841 0 0 0
1690588540502707 100 0 92 8 100 100 0 0 0 0 0 0 0 8 8 0 200 200 192 0 0 0 3042632 336441 0 228411 85568 59352 210206054 4809343 2131743 2608203439 2608203439 0 0 384 0.000108 10 120 443057 5869025 85 802 0.902825 1200 4535549 59535427 96 604238 14265598 12 128628 3736841 0 0 0
1690588540502791 100 0 92 8 100 100 0 0 0 0 0 0 0 8 8 0 200 200 192 0 0 0 3042632 336441 0 228411 85568 59375 210206054 4809363 2131743 2608203439 2608203439 0 0 384 0.000108 10 120 443057 5869025 85 767 0.902825 1200 4535549 59535427 96 604238 14265598 12 128628 3736841 0 0 0
1690588540502874 100 0 92 8 100 100 0 0 0 0 0 0 0 8 8 0 200 200 192 0 0 0 3042632 336441 0 228411 85568 59398 210206054 4809383 2131743 2608203439 2608203439 0 0 384 0.000108 10 120 443057 5869025 85 733 0.902825 1200 4535549 59535427 96 604238 14265598 12 128628 3736841 0 0 0
1690588540502982 100 0 92 8 100 100 0 0 0 0 0 0 0 8 8 0 200 200 192 0 0 0 3042632 336441 0 228411 85568 59434 210206054 4809403 2131743 2608203439 2608203439 0 0 384 0.000108 10 120 443057 5869025 85 701 0.902825 1200 4535549 59535427 96 604238 14265598 12 128628 3736841 0 0 0
1690588540514339 100 0 94 6 100 100 0 0 0 0 0 0 0 6 6 0 200 200 194 0 0 0 3042633 347530 0 238824 85684 59470 210206106 4809422 2131743 2627211006 2627211006 0 0 408 0.000115 10 120 449614 6545625 281 624 0.853115 1200 4535549 59535427 72 508263 10104500 12 128628 3736841 0 0 0
1690588540514459 100 0 94 6 100 100 0 0 0 0 0 0 0 6 6 0 200 200 194 0 0 0 3042633 347530 0 238824 85684 59497 210206106 4809470 2131743 2627211006 2627211006 0 0 408 0.000115 10 120 429878 6546021 138 600 0.853115 1200 4535549 59535427 72 508263 10104500 12 128628 3736841 0 0 0
1690588541111437 100 0 95 5 100 100 0 0 0 0 0 0 0 5 5 0 200 200 195 0 0 0 3042637 354150 0 245158 85782 59524 210796257 4809505 2131743 2637370285 2637370285 0 0 420 0.000118 10 120 429878 6546021 138 556 0.781448 1200 4535549 59535427 60 413219 6368541 12 128628 3736841 0 0 0
1690588541117782 100 0 96 4 100 100 0 0 0 0 0 0 0 4 4 0 200 200 196 0 0 0 3042639 360235 0 250712 85848 59557 210796320 4809555 2131743 2647531500 2647531500 0 0 432 0.000121 10 120 442760 7222075 1327 632 0.753155 1200 4535549 59535427 48 318175 2633192 12 128628 3736841 0 0 0
1690588541465171 100 0 97 3 100 100 0 0 0 0 0 0 0 3 3 0 200 200 197 0 0 0 3042643 366693 0 256766 85976 59585 211136998 4809603 2131743 2658033234 2658033234 0 0 444 0.000124 10 120 449077 7898800 1145 683 0.715132 1200 4535549 59535427 36 223124 1737827 12 128628 3736841 0 0 0
1690588541472165 100 0 98 2 100 100 0 0 0 0 0 0 0 2 2 0 200 200 198 0 0 0 3042644 373422 0 262780 86048 59623 211137056 4809650 2131743 2668540813 2668540813 0 0 456 0.000127 10 120 449078 7319334 1457 759 0.704407 1200 4535549 59535427 24 128079 842962 12 128628 3736841 0 0 0
1690588541495796 100 0 99 1 100 100 0 0 0 0 0 0 0 1 1 0 200 200 199 0 0 0 3042649 380021 0 268959 86207 59662 211151661 4809714 2131743 2679078219 2679078219 0 0 468 0.000130 10 120 449078 6739889 1213 804 0.682792 1200 4535549 59535427 12 63987 422357 12 128628 3736841 0 0 0
1690588542452118 100 0 100 0 100 100 0 0 0 0 0 0 0 0 0 0 200 200 200 0 0 0 3042651 385971 0 274506 86318 59704 212101771 4809761 2131743 2690564594 2690564594 0 0 480 0.000134 10 120 442762 6643296 1416 865 0.668452 1200 4535549 59535427 0 0 0 12 128628 3736841 0 0 0
1690588542488777 0 0 0 0 0 100 100 100 0 0 0 0 0 0 0 0 200 200 200 0 0 0 3042651 385971 0 274506 86318 59704 212101771 4809761 2131743 2690564594 2690564594 0 0 480 0.000134 10 120 436422 6547009 1768 911 0.668452 0 0 0 0 0 0 0 0 0 0 0 0
