# timestamp workers_connected workers_init workers_idle workers_busy workers_able workers_joined workers_removed workers_released workers_idled_out workers_blocked workers_slow workers_lost tasks_waiting tasks_on_workers tasks_running tasks_with_results tasks_submitted tasks_dispatched tasks_done tasks_failed tasks_cancelled tasks_exhausted_attempts time_send time_receive time_send_good time_receive_good time_status_msgs time_internal time_polling time_application time_scheduling time_execute time_execute_good time_execute_exhaustion bytes_sent bytes_received bandwidth capacity_tasks capacity_cores capacity_memory capacity_disk capacity_instantaneous capacity_weighted manager_load total_cores total_memory total_disk committed_cores committed_memory committed_disk max_cores max_memory max_disk min_cores min_memory min_disk
1690592789190681 0 0 0 0 0 0 0 0 0 0 0 0 0 0 0 0 0 0 0 0 0 0 0 0 0 0 0 0 0 0 0 0 0 0 0 0 1.000000 0 0 0 0 0 0 0.000000 0 0 0 0 0 0 0 0 0 0 0 0
1690592789194704 0 0 0 0 0 0 0 0 0 0 0 0 0 0 0 0 0 0 0 0 0 0 0 0 0 0 0 0 0 0 0 0 0 0 0 0 1.000000 10 10 5120 10240 10 10 0.000000 0 0 0 0 0 0 0 0 0 0 0 0
1690592830920901 1 0 0 1 1 1 0 0 0 0 0 0 79 1 0 0 80 0 0 0 0 0 2178 143 0 0 357 12067 41705214 5858 8 0 0 0 0 0 1.000000 10 10 5120 10240 10 10 0.485266 12 31924 422867 0 0 0 12 31924 422867 0 0 0
1690592834160458 97 1 17 80 97 97 0 0 0 0 0 0 0 80 80 0 80 80 0 0 0 0 469971 556 0 0 110426 16528 44361550 5858 2069 0 0 0 0 0 1.000000 10 10 5120 10240 10 10 0.512821 1164 4407585 58234337 960 3544503 43961602 12 128628 3735873 0 0 0
1690592839216719 100 0 20 80 100 100 0 0 0 0 0 0 0 80 80 0 80 80 0 0 0 0 469992 590 0 0 111630 16668 49416158 5881 2069 0 0 0 0 0 1.000000 10 10 5120 10240 10 10 0.512821 1200 4535549 59502858 960 3544503 43961602 12 128628 3735873 0 0 0
1690592882758854 100 0 20 80 100 100 0 0 0 0 0 0 0 80 80 1 80 80 0 0 0 0 470044 647 0 0 111997 36988 92936918 6045 2069 51632205 0 0 0 0 1.000000 10 10 5120 10240 10 10 0.512821 1200 4535549 59502858 960 3544503 43961602 12 128628 3735873 0 0 0
1690592882759120 100 0 21 79 100 100 0 0 0 0 0 0 0 79 79 0 80 80 1 0 0 0 470046 1118 0 21 112000 37024 92936918 6045 2069 51632205 51632205 0 0 0 1.000000 10 10 5120 10240 10 10 0.555689 1200 4535549 59502858 948 3512579 43775334 12 128628 3735873 0 0 0
1690592885482750 100 0 21 79 100 100 0 0 0 0 0 0 0 79 79 1 80 80 1 0 0 0 470048 1121 0 21 112093 37043 95660062 6105 2069 105821855 51632205 0 0 0 1.000000 6909 82908 220562916 1286925612 6909 355 0.544333 1200 4535549 59502858 948 3512579 43775334 12 128628 3735873 0 0 0
1690592885482981 100 0 22 78 100 100 0 0 0 0 0 0 0 78 78 0 80 80 2 0 0 0 470048 1585 0 39 112097 37064 95660062 6105 2069 105821855 105821855 0 0 0 1.000000 6909 82908 220562916 1286925612 6909 995 0.581356 1200 4535549 59502858 936 3480655 43351776 12 128628 3735873 0 0 0
1690592888970153 100 0 22 78 100 100 0 0 0 0 0 0 0 78 78 1 80 80 2 0 0 0 470054 1590 0 39 112222 37091 99146684 6115 2069 163619310 105821855 0 0 0 1.000000 1511 18132 48237164 460723543 866 989 0.558289 1200 4535549 59502858 936 3480655 43351776 12 128628 3735873 0 0 0
1690592888970433 100 0 23 77 100 100 0 0 0 0 0 0 0 77 77 0 80 80 3 0 0 0 470056 2162 0 61 112226 37116 99146684 6115 2069 163619310 163619310 0 0 0 1.000000 1511 18132 48237164 460723543 866 978 0.592723 1200 4535549 59502858 924 3448731 42928488 12 128628 3735873 0 0 0
1690592889968590 100 0 24 76 100 100 0 0 0 0 0 0 0 76 76 0 80 80 4 0 0 0 470057 2595 0 82 112333 37145 100144202 6134 2069 222247248 222247248 0 0 0 1.000000 2189 26268 69881636 753828849 12308 2084 0.614425 1200 4535549 59502858 912 3416807 42505487 12 128628 3735873 0 0 0
1690592891556102 100 0 24 76 100 100 0 0 0 0 0 0 0 76 76 1 80 80 4 0 0 0 470059 2597 0 82 112388 37165 101731397 6149 2069 282228375 222247248 0 0 0 1.000000 2519 30228 80416556 916988422 4351 2198 0.595578 1200 4535549 59502858 912 3416807 42505487 12 128628 3735873 0 0 0
1690592891556354 100 0 25 75 100 100 0 0 0 0 0 0 0 75 75 0 80 80 5 0 0 0 470059 2965 0 101 112392 37190 101731397 6149 2069 282228375 282228375 0 0 0 1.000000 2519 30228 80416556 916988422 4351 2409 0.623096 1200 4535549 59502858 900 3352691 42083516 12 128628 3735873 0 0 0
1690592892814986 100 0 25 75 100 100 0 0 0 0 0 0 0 75 75 1 80 80 5 0 0 0 470060 2967 0 101 112446 37200 102989734 6162 2069 343865011 282228375 0 0 0 1.000000 2875 34500 110291900 1079899450 6027 2590 0.602640 1200 4535549 59502858 900 3352691 42083516 12 128628 3735873 0 0 0
1690592892815251 100 0 26 74 100 100 0 0 0 0 0 0 0 74 74 0 80 80 6 0 0 0 470062 3358 0 129 112450 37227 102989734 6162 2069 343865011 343865011 0 0 0 1.000000 2875 34500 110291900 1079899450 6027 2926 0.628848 1200 4535549 59502858 888 3320767 41660495 12 128628 3735873 0 0 0
1690592893097641 100 0 27 73 100 100 0 0 0 0 0 0 0 73 73 0 80 80 7 0 0 0 470063 3709 0 149 112533 37258 103271577 6184 2069 405474504 405474504 0 0 0 1.000000 3292 39504 122756486 1262540708 9823 3599 0.640980 1200 4535549 59502858 876 3192139 41238278 12 128628 3735873 0 0 0
1690592893330830 100 0 28 72 100 100 0 0 0 0 0 0 0 72 72 0 80 80 8 0 0 0 470064 3998 0 169 112582 37290 103504330 6204 2069 467506083 467506083 0 0 0 1.000000 3268 39216 164503651 1271403262 3136 3554 0.649898 1200 4535549 59502858 864 3160215 40816953 12 128628 3735873 0 0 0
1690592893658781 100 0 29 71 100 100 0 0 0 0 0 0 0 71 71 0 80 80 9 0 0 0 470064 4301 0 189 112633 37320 103831827 6226 2069 529828965 529828965 0 0 0 1.000000 2437 29244 117063732 957938702 916 3298 0.656454 1200 4535549 59502858 852 3128291 40395099 12 128628 3735873 0 0 0
1690592895113001 100 0 29 71 100 100 0 0 0 0 0 0 0 71 71 1 80 80 9 0 0 0 470066 4303 0 189 112687 37330 105285712 6259 2069 593941676 529828965 0 0 0 1.000000 2652 31824 122643803 1050929551 7826 3525 0.629811 1200 4535549 59502858 852 3128291 40395099 12 128628 3735873 0 0 0
1690592895113239 100 0 30 70 100 100 0 0 0 0 0 0 0 70 70 0 80 80 10 0 0 0 470067 4690 0 214 112691 37353 105285712 6259 2069 593941676 593941676 0 0 0 1.000000 2652 31824 122643803 1050929551 7826 3946 0.650979 1200 4535549 59502858 840 3096367 39972743 12 128628 3735873 0 0 0
1690592895126161 100 0 31 69 100 100 0 0 0 0 0 0 0 69 69 0 80 80 11 0 0 0 470067 5094 0 232 112771 37381 105298058 6279 2069 657787284 657787284 0 0 0 1.000000 2890 34680 129511304 1152780251 11262 4660 0.657248 1200 4535549 59502858 828 3064443 39549469 12 128628 3735873 0 0 0
1690592896411528 100 0 31 69 100 100 0 0 0 0 0 0 0 69 69 1 80 80 11 0 0 0 470068 5096 0 232 112875 37389 106582976 6293 2069 723061713 657787284 0 0 0 1.000000 2441 29292 106529679 979092423 999 4477 0.630458 1200 4535549 59502858 828 3064443 39549469 12 128628 3735873 0 0 0
1690592896411743 100 0 32 68 100 100 0 0 0 0 0 0 0 68 68 0 80 80 12 0 0 0 470068 5558 0 254 112880 37411 106582976 6293 2069 723061713 723061713 0 0 0 1.000000 2441 29292 106529679 979092423 999 4139 0.651506 1200 4535549 59502858 816 3032519 39127720 12 128628 3735873 0 0 0
1690592896622390 100 0 33 67 100 100 0 0 0 0 0 0 0 67 67 0 80 80 13 0 0 0 470070 6248 0 309 112971 37459 106792728 6310 2069 788558773 788558773 0 0 0 1.000000 2523 30276 107644636 1016323691 3813 4108 0.657636 1200 4535549 59502858 804 3000595 38704559 12 128628 3735873 0 0 0
1690592897543808 100 0 34 66 100 100 0 0 0 0 0 0 0 66 66 0 80 80 14 0 0 0 470070 6565 0 329 113024 37494 107713673 6329 2069 854773145 854773145 0 0 0 1.000000 2703 32436 113091025 1093060557 12512 4929 0.662142 1200 4535549 59502858 792 2968671 38282083 12 128628 3735873 0 0 0
1690592897561579 100 0 35 65 100 100 0 0 0 0 0 0 0 65 65 0 80 80 15 0 0 0 470072 6976 0 349 113147 37523 107730798 6362 2069 920763765 920763765 0 0 0 1.000000 2188 26256 89994316 887627684 669 4514 0.665454 1200 4535549 59502858 780 2840138 37386841 12 128628 3735873 0 0 0
1690592897576396 100 0 36 64 100 100 0 0 0 0 0 0 0 64 64 0 80 80 16 0 0 0 470074 9869 0 383 113236 37552 107742525 6381 2069 986772216 986772216 0 0 0 1.000000 2312 27744 108566126 1013389829 8758 4929 0.667889 1200 4535549 59502858 768 2808214 36964062 12 128628 3735873 0 0 0
1690592897613953 100 0 37 63 100 100 0 0 0 0 0 0 0 63 63 0 80 80 17 0 0 0 470076 10514 0 422 113331 37605 107779223 6396 2069 1053375983 1053375983 0 0 0 1.000000 2439 29268 112238055 1066687504 10455 5469 0.669679 1200 4535549 59502858 756 2776290 36541189 12 128628 3735873 0 0 0
1690592898448150 100 0 38 62 100 100 0 0 0 0 0 0 0 62 62 0 80 80 18 0 0 0 470077 10929 0 442 113383 37664 108612801 6416 2069 1120507993 1120507993 0 0 0 1.000000 2580 30960 116587620 1126156797 18090 6701 0.670994 1200 4535549 59502858 744 2744366 36117893 12 128628 3735873 0 0 0
1690592898454565 100 0 39 61 100 100 0 0 0 0 0 0 0 61 61 0 80 80 19 0 0 0 470079 11275 0 461 113472 37692 108618680 6436 2069 1187829823 1187829823 0 0 0 1.000000 2263 27156 100595002 986128526 774 6124 0.671962 1200 4535549 59502858 732 2712442 35695800 12 128628 3735873 0 0 0
1690592898567379 100 0 40 60 100 100 0 0 0 0 0 0 0 60 60 0 80 80 20 0 0 0 470080 11700 0 481 113527 37723 108730904 6462 2069 1255213890 1255213890 0 0 0 1.000000 2353 28236 103044186 1023654322 6894 6200 0.672673 1200 4535549 59502858 720 2680518 35273268 12 128628 3735873 0 0 0
1690592898594177 100 0 41 59 100 100 0 0 0 0 0 0 0 59 59 0 80 80 21 0 0 0 470081 12125 0 500 113611 37755 108757082 6478 2069 1322496959 1322496959 0 0 0 1.000000 2432 29184 105060576 1056501415 6008 6182 0.673195 1200 4535549 59502858 708 2648594 34849745 12 128628 3735873 0 0 0
1690592898664933 100 0 42 58 100 100 0 0 0 0 0 0 0 58 58 0 80 80 22 0 0 0 470081 12469 0 519 113694 37785 108827307 6506 2069 1390144511 1390144511 0 0 0 1.000000 2224 26688 94881030 964989047 855 5663 0.673579 1200 4535549 59502858 696 2616670 34428150 12 128628 3735873 0 0 0
1690592898694535 100 0 43 57 100 100 0 0 0 0 0 0 0 57 57 0 80 80 23 0 0 0 470082 12794 0 544 113744 37813 108856441 6521 2069 1457550912 1457550912 0 0 0 1.000000 2315 27780 97633337 1003179154 11634 6246 0.673862 1200 4535549 59502858 684 2584746 34006943 12 128628 3735873 0 0 0
1690592898914569 100 0 44 56 100 100 0 0 0 0 0 0 0 56 56 0 80 80 24 0 0 0 470084 13170 0 563 113834 37840 109075901 6542 2069 1525416481 1525416481 0 0 0 1.000000 2217 26604 92512230 959542566 1184 5753 0.674069 1200 4535549 59502858 672 2552822 33585430 12 128628 3735873 0 0 0
1690592899317160 100 0 45 55 100 100 0 0 0 0 0 0 0 55 55 0 80 80 25 0 0 0 470086 13511 0 582 113881 37913 109477949 6559 2069 1593413932 1593413932 0 0 0 1.000000 2309 27708 95407977 998274215 21552 7294 0.674222 1200 4535549 59502858 660 2520898 33164143 12 128628 3735873 0 0 0
1690592899614516 100 0 46 54 100 100 0 0 0 0 0 0 0 54 54 0 80 80 26 0 0 0 470088 14026 0 607 113931 37951 109774635 6579 2069 1661938486 1661938486 0 0 0 1.000000 2132 25584 87293035 920807304 784 6660 0.674334 1200 4535549 59502858 648 2488974 32741167 12 128628 3735873 0 0 0
1690592899718465 100 0 48 52 100 100 0 0 0 0 0 0 0 52 52 0 80 80 28 0 0 0 470088 14784 0 644 113997 37982 109877666 6600 2069 1798874338 1798874338 0 0 0 1.000000 2245 26940 90419704 968183107 9895 6592 0.701530 1200 4535549 59502858 624 2392934 31894014 12 128628 3735873 0 0 0
1690592899718560 100 0 48 52 100 100 0 0 0 0 0 0 0 52 52 0 80 80 28 0 0 0 470088 14784 0 644 113997 38016 109877666 6619 2069 1798874338 1798874338 0 0 0 1.000000 2247 26964 92413413 968423937 2303 6378 0.701530 1200 4535549 59502858 624 2392934 31894014 12 128628 3735873 0 0 0
1690592900084929 100 0 49 51 100 100 0 0 0 0 0 0 0 51 51 0 80 80 29 0 0 0 470090 78275 0 682 114044 38057 110180387 6632 2069 1867424894 1867424894 0 0 0 1.000000 2247 26964 92413413 968423937 2303 5982 0.694408 1200 4535549 59502858 612 2328818 31471073 12 128628 3735873 0 0 0
1690592900697062 100 0 50 50 100 100 0 0 0 0 0 0 0 50 50 0 80 80 30 0 0 0 470090 78672 0 701 114130 38087 110791945 6647 2069 1936835942 1936835942 0 0 0 1.000000 2153 25836 90254132 927314102 1024 5500 0.689173 1200 4535549 59502858 600 2296894 31048733 12 128628 3735873 0 0 0
1690592900731607 100 0 51 49 100 100 0 0 0 0 0 0 0 49 49 0 80 80 31 0 0 0 470092 78981 0 722 114181 38116 110825981 6666 2069 2006547147 2006547147 0 0 0 1.000000 2098 25176 87249457 903039973 1241 5086 0.685324 1200 4535549 59502858 588 2264970 30627151 12 128628 3735873 0 0 0
1690592900810992 100 0 52 48 100 100 0 0 0 0 0 0 0 48 48 0 80 80 32 0 0 0 470096 79428 0 743 114271 38143 110904719 6685 2069 2075880525 2075880525 0 0 0 1.000000 2153 25836 88865631 926099130 8162 5387 0.682495 1200 4535549 59502858 576 2233046 30204378 12 128628 3735873 0 0 0
1690592900818295 100 0 53 47 100 100 0 0 0 0 0 0 0 47 47 0 80 80 33 0 0 0 470098 79771 0 766 114319 38169 110911534 6698 2069 2145707602 2145707602 0 0 0 1.000000 2207 26484 90449550 948818543 7826 5625 0.680416 1200 4535549 59502858 564 2201122 29781666 12 128628 3735873 0 0 0
1690592900842009 100 0 54 46 100 100 0 0 0 0 0 0 0 46 46 0 80 80 34 0 0 0 470099 80180 0 786 114408 38197 110934646 6726 2069 2215056423 2215056423 0 0 0 1.000000 2272 27264 92489747 976267109 18508 6882 0.678887 1200 4535549 59502858 552 2137006 29359491 12 128628 3735873 0 0 0
1690592900966751 100 0 55 45 100 100 0 0 0 0 0 0 0 45 45 0 80 80 35 0 0 0 470101 80731 0 826 114491 38246 111058631 6752 2069 2284441472 2284441472 0 0 0 1.000000 2290 27480 94799063 983495124 3029 6507 0.677764 1200 4535549 59502858 540 2105082 28936506 12 128628 3735873 0 0 0
1690592901213240 100 0 56 44 100 100 0 0 0 0 0 0 0 44 44 0 80 80 36 0 0 0 470101 81044 0 847 114537 38271 111304669 6772 2069 2354387655 2354387655 0 0 0 1.000000 2315 27780 95207418 993802779 3560 6220 0.676938 1200 4535549 59502858 528 2073158 28041258 12 128628 3735873 0 0 0
1690592901231045 100 0 57 43 100 100 0 0 0 0 0 0 0 43 43 0 80 80 37 0 0 0 470103 81340 0 865 114588 38297 111322038 6787 2069 2424002575 2424002575 0 0 0 1.000000 2264 27168 92531253 1001212745 1318 5743 0.676330 1200 4535549 59502858 516 1978107 27147103 12 128628 3735873 0 0 0
1690592901885444 100 0 58 42 100 100 0 0 0 0 0 0 0 42 42 0 80 80 38 0 0 0 470103 81722 0 885 114668 38326 111975869 6815 2069 2494796136 2494796136 0 0 0 1.000000 2220 26640 93983760 1008869940 1335 5314 0.675884 1200 4535549 59502858 504 1946183 26724041 12 128628 3735873 0 0 0
1690592901922451 100 0 59 41 100 100 0 0 0 0 0 0 0 41 41 0 80 80 39 0 0 0 470104 82042 0 904 114723 38354 112012397 6844 2069 2565623985 2565623985 0 0 0 1.000000 2247 26964 94511186 1019284200 3927 5180 0.675556 1200 4535549 59502858 492 1914259 26302104 12 128628 3735873 0 0 0
1690592902074309 100 0 60 40 100 100 0 0 0 0 0 0 0 40 40 0 80 80 40 0 0 0 470106 82381 0 926 114772 38381 112163760 6875 2069 2636523429 2636523429 0 0 0 1.000000 2289 27468 95682783 1036476691 6661 5326 0.675315 1200 4535549 59502858 480 1882335 25879170 12 128628 3735873 0 0 0
1690592902163960 100 0 61 39 100 100 0 0 0 0 0 0 0 39 39 0 80 80 41 0 0 0 470110 82819 0 946 114853 38419 112252768 6910 2069 2707655212 2707655212 0 0 0 1.000000 2346 28152 97486154 1060534637 22501 7001 0.675137 1200 4535549 59502858 468 1850411 25456635 12 128628 3735873 0 0 0
1690592902165541 100 0 62 38 100 100 0 0 0 0 0 0 0 38 38 0 80 80 42 0 0 0 470112 83279 0 966 114935 38448 112253696 6931 2069 2778686250 2778686250 0 0 0 1.000000 2400 28800 99166361 1083217581 17026 7980 0.675007 1200 4535549 59502858 456 1818487 25033480 12 128628 3735873 0 0 0
1690592902305346 100 0 63 37 100 100 0 0 0 0 0 0 0 37 37 0 80 80 43 0 0 0 470113 83593 0 985 114983 38476 112393043 6952 2069 2849784421 2849784421 0 0 0 1.000000 2430 29160 99862355 1095127059 4620 7653 0.674911 1200 4535549 59502858 444 1786563 24612243 12 128628 3735873 0 0 0
1690592902412794 100 0 64 36 100 100 0 0 0 0 0 0 0 36 36 0 80 80 44 0 0 0 470115 83882 0 1003 115033 38501 112500052 6979 2069 2921074441 2921074441 0 0 0 1.000000 2456 29472 100406992 1105163389 4238 7321 0.674841 1200 4535549 59502858 432 1754639 24190458 12 128628 3735873 0 0 0
1690592902632161 100 0 65 35 100 100 0 0 0 0 0 0 0 35 35 0 80 80 45 0 0 0 470116 84232 0 1021 115115 38534 112718854 6993 2069 2992237012 2992237012 0 0 0 1.000000 2509 30108 102062927 1127404553 17603 8325 0.674789 1200 4535549 59502858 420 1722715 23769023 12 128628 3735873 0 0 0
1690592902708063 100 0 66 34 100 100 0 0 0 0 0 0 0 34 34 0 80 80 46 0 0 0 470119 84557 0 1040 115167 38572 112794275 7010 2069 3063643580 3063643580 0 0 0 1.000000 2563 30756 103760948 1150079556 21552 9616 0.674751 1200 4535549 59502858 408 1690791 23346470 12 128628 3735873 0 0 0
1690592902893284 100 0 67 33 100 100 0 0 0 0 0 0 0 33 33 0 80 80 47 0 0 0 470120 84961 0 1061 115221 38600 112978932 7027 2069 3134969273 3134969273 0 0 0 1.000000 2605 31260 104976517 1167443889 8279 9487 0.674723 1200 4535549 59502858 396 1595747 19612329 12 128628 3735873 0 0 0
1690592903106953 100 0 68 32 100 100 0 0 0 0 0 0 0 32 32 0 80 80 48 0 0 0 470121 85281 0 1080 115300 38628 113192108 7045 2069 3206947648 3206947648 0 0 0 1.000000 2654 31848 110042520 1374956821 14756 10002 0.674703 1200 4535549 59502858 384 1563823 19190976 12 128628 3735873 0 0 0
1690592903241172 100 0 69 31 100 100 0 0 0 0 0 0 0 31 31 0 80 80 49 0 0 0 470121 85703 0 1100 115366 38696 113325682 7065 2069 3278604814 3278604814 0 0 0 1.000000 2695 32340 111206930 1390767439 8120 9819 0.674687 1200 4535549 59502858 372 1468779 15456218 12 128628 3735873 0 0 0
1690592903481943 100 0 70 30 100 100 0 0 0 0 0 0 0 30 30 0 80 80 50 0 0 0 470122 85999 0 1119 115418 38725 113566008 7083 2069 3350919979 3350919979 0 0 0 1.000000 2710 32520 114800246 1576522258 3632 9217 0.674676 1200 4535549 59502858 360 1436855 15033448 12 128628 3735873 0 0 0
1690592903507690 100 0 71 29 100 100 0 0 0 0 0 0 0 29 29 0 80 80 51 0 0 0 470125 86384 0 1139 115510 38751 113591185 7099 2069 3423505324 3423505324 0 0 0 1.000000 2732 32784 115732204 1602506787 13668 9652 0.674668 1200 4535549 59502858 348 1404931 14610581 12 128628 3735873 0 0 0
1690592903508904 100 0 72 28 100 100 0 0 0 0 0 0 0 28 28 0 80 80 52 0 0 0 470125 86781 0 1159 115592 38784 113591807 7125 2069 3495571698 3495571698 0 0 0 1.000000 2894 34728 122594802 1697490170 48912 13480 0.674662 1200 4535549 59502858 336 1373007 14188018 12 128628 3735873 0 0 0
1690592903731312 100 0 73 27 100 100 0 0 0 0 0 0 0 27 27 0 80 80 53 0 0 0 470126 87157 0 1182 115642 38810 113813685 7144 2069 3567701261 3567701261 0 0 0 1.000000 2903 34836 122976057 1702726213 11857 13322 0.674658 1200 4535549 59502858 324 1341083 13765377 12 128628 3735873 0 0 0
1690592903754688 100 0 74 26 100 100 0 0 0 0 0 0 0 26 26 0 80 80 54 0 0 0 470129 87610 0 1201 115729 38836 113836420 7157 2069 3639969374 3639969374 0 0 0 1.000000 2851 34212 120773248 1672205176 1836 12203 0.674654 1200 4535549 59502858 312 1309159 13341878 12 128628 3735873 0 0 0
1690592903884352 100 0 75 25 100 100 0 0 0 0 0 0 0 25 25 0 80 80 55 0 0 0 470130 87922 0 1221 115775 38865 113965620 7182 2069 3712358930 3712358930 0 0 0 1.000000 2843 34116 118566561 1667601569 4177 11421 0.674652 1200 4535549 59502858 300 1277235 12918765 12 128628 3735873 0 0 0
1690592904322952 100 0 76 24 100 100 0 0 0 0 0 0 0 24 24 0 80 80 56 0 0 0 470131 88296 0 1239 115829 38892 114403696 7203 2069 3785112353 3785112353 0 0 0 1.000000 2801 33612 116814962 1642971138 2607 10563 0.674650 1200 4535549 59502858 288 1182190 12024820 12 128628 3735873 0 0 0
1690592904455694 100 0 77 23 100 100 0 0 0 0 0 0 0 23 23 0 80 80 57 0 0 0 470133 88679 0 1258 115909 38918 114535868 7222 2069 3858229198 3858229198 0 0 0 1.000000 2846 34152 116741120 1696765337 15945 11089 0.674649 1200 4535549 59502858 276 1150266 11603678 12 128628 3735873 0 0 0
1690592904999654 100 0 78 22 100 100 0 0 0 0 0 0 0 22 22 0 80 80 58 0 0 0 470134 88985 0 1277 115956 38947 115079383 7241 2069 3931883624 3931883624 0 0 0 1.000000 2766 33192 113459571 1649059565 689 10075 0.674648 1200 4535549 59502858 264 1118342 10707211 12 128628 3735873 0 0 0
1690592905072946 100 0 79 21 100 100 0 0 0 0 0 0 0 21 21 0 80 80 59 0 0 0 470137 89448 0 1296 116038 38973 115152038 7255 2069 4005483511 4005483511 0 0 0 1.000000 2754 33048 112967338 1668580481 4172 9500 0.674647 1200 4535549 59502858 252 1054355 10286064 12 128628 3735873 0 0 0
1690592905255475 100 0 80 20 100 100 0 0 0 0 0 0 0 20 20 0 80 80 60 0 0 0 470139 89786 0 1316 116097 38998 115334082 7266 2069 4079405132 4079405132 0 0 0 1.000000 2760 33120 115019452 1672147634 11531 9699 0.674647 1200 4535549 59502858 240 1022431 9863885 12 128628 3735873 0 0 0
1690592905435617 100 0 81 19 100 100 0 0 0 0 0 0 0 19 19 0 80 80 61 0 0 0 470140 90113 0 1335 116146 39025 115513746 7291 2069 4153549925 4153549925 0 0 0 1.000000 2906 34872 121103814 1760536880 13779 10097 0.674647 1200 4535549 59502858 228 990507 9441601 12 128628 3735873 0 0 0
1690592905452776 100 0 82 18 100 100 0 0 0 0 0 0 0 18 18 0 80 80 62 0 0 0 470144 90539 0 1354 116229 39051 115530283 7321 2069 4227646868 4227646868 0 0 0 1.000000 2814 33768 117269832 1704831406 1262 9237 0.674646 1200 4535549 59502858 216 958583 9019755 12 128628 3735873 0 0 0
1690592905531762 100 0 83 17 100 100 0 0 0 0 0 0 0 17 17 0 80 80 63 0 0 0 470144 90932 0 1373 116312 39080 115608697 7339 2069 4301860732 4301860732 0 0 0 1.000000 2570 30840 107101446 1556937680 598 8396 0.674646 1200 4535549 59502858 204 926659 8597902 12 128628 3735873 0 0 0
1690592905816013 100 0 84 16 100 100 0 0 0 0 0 0 0 16 16 0 80 80 64 0 0 0 470147 91258 0 1396 116363 39118 115892468 7356 2069 4376076780 4376076780 0 0 0 1.000000 2597 31164 108226636 1573261593 842 7661 0.674646 1200 4535549 59502858 192 798126 7704591 12 128628 3735873 0 0 0
1690592906435223 100 0 85 15 100 100 0 0 0 0 0 0 0 15 15 0 80 80 65 0 0 0 470150 91649 0 1415 116416 39143 116511127 7370 2069 4450935000 4450935000 0 0 0 1.000000 2547 30564 106142951 1542871240 2013 7111 0.674646 1200 4535549 59502858 180 734010 7282449 12 128628 3735873 0 0 0
1690592906472905 100 0 86 14 100 100 0 0 0 0 0 0 0 14 14 0 80 80 66 0 0 0 470150 92019 0 1435 116501 39170 116548265 7389 2069 4525916843 4525916843 0 0 0 1.000000 2543 30516 107646955 1540415140 6118 7015 0.674646 1200 4535549 59502858 168 702086 6858986 12 128628 3735873 0 0 0
1690592906492476 100 0 87 13 100 100 0 0 0 0 0 0 0 13 13 0 80 80 67 0 0 0 470150 92383 0 1456 116580 39195 116567282 7403 2069 4600924334 4600924334 0 0 0 1.000000 2516 30192 106504026 1524090261 3485 6672 0.674646 1200 4535549 59502858 156 670162 6437689 12 128628 3735873 0 0 0
1690592906504409 100 0 88 12 100 100 0 0 0 0 0 0 0 12 12 0 80 80 68 0 0 0 470152 92703 0 1475 116630 39219 116578758 7418 2069 4676263402 4676263402 0 0 0 1.000000 2655 31860 112387993 1608182483 4335 6445 0.674646 1200 4535549 59502858 144 638238 6015590 12 128628 3735873 0 0 0
1690592906506489 100 0 89 11 100 100 0 0 0 0 0 0 0 11 11 0 80 80 69 0 0 0 470152 93049 0 1494 116722 39248 116580300 7444 2069 4751290708 4751290708 0 0 0 1.000000 2673 32076 113149945 1619085742 17862 7559 0.674646 1200 4535549 59502858 132 606314 5591987 12 128628 3735873 0 0 0
1690592906562610 100 0 90 10 100 100 0 0 0 0 0 0 0 10 10 0 80 80 70 0 0 0 470153 93773 0 1536 116774 39275 116635543 7472 2069 4826520780 4826520780 0 0 0 1.000000 2679 32148 113403929 1622778609 6834 7489 0.674646 1200 4535549 59502858 120 574390 5169212 12 128628 3735873 0 0 0
1690592906573915 100 0 91 9 100 100 0 0 0 0 0 0 0 9 9 0 80 80 71 0 0 0 470154 94074 0 1555 116827 39301 116646407 7487 2069 4901619540 4901619540 0 0 0 1.000000 2847 34164 120515486 1724499540 17484 8464 0.674646 1200 4535549 59502858 108 510274 4745555 12 128628 3735873 0 0 0
1690592906576663 100 0 92 8 100 100 0 0 0 0 0 0 0 8 8 0 80 80 72 0 0 0 470155 94450 0 1574 116915 39327 116648598 7509 2069 4976713137 4976713137 0 0 0 1.000000 2854 34248 122686821 1728859717 13983 9003 0.674646 1200 4535549 59502858 96 478350 4322244 12 128628 3735873 0 0 0
1690592906603637 100 0 93 7 100 100 0 0 0 0 0 0 0 7 7 0 80 80 73 0 0 0 470156 95001 0 1595 116998 39354 116674835 7538 2069 5052009656 5052009656 0 0 0 1.000000 2961 35532 127286502 1793803954 4974 8611 0.674646 1200 4535549 59502858 84 446426 3899537 12 128628 3735873 0 0 0
1690592906607646 100 0 94 6 100 100 0 0 0 0 0 0 0 6 6 0 80 80 74 0 0 0 470158 95314 0 1614 117047 39379 116678376 7559 2069 5127177433 5127177433 0 0 0 1.000000 2941 35292 126426748 1781759415 5432 8302 0.674646 1200 4535549 59502858 72 414502 3476450 12 128628 3735873 0 0 0
1690592906631998 100 0 95 5 100 100 0 0 0 0 0 0 0 5 5 0 80 80 75 0 0 0 470159 95744 0 1634 117136 39407 116702108 7576 2069 5202816300 5202816300 0 0 0 1.000000 3166 37992 136098975 1918188491 19570 9402 0.674646 1200 4535549 59502858 60 382578 3054313 12 128628 3735873 0 0 0
1690592906773451 100 0 96 4 100 100 0 0 0 0 0 0 0 4 4 0 80 80 76 0 0 0 470160 99124 0 1658 117195 39432 116840032 7592 2069 5278013277 5278013277 0 0 0 1.000000 3204 38448 137732506 1941156740 14008 9852 0.674646 1200 4535549 59502858 48 287527 2160229 12 128628 3735873 0 0 0
1690592906778166 100 0 97 3 100 100 0 0 0 0 0 0 0 3 3 0 80 80 77 0 0 0 470162 99524 0 1676 117290 39456 116844167 7608 2069 5353622767 5353622767 0 0 0 1.000000 3195 38340 141461755 1966379052 6280 9505 0.674646 1200 4535549 59502858 36 255603 1737827 12 128628 3735873 0 0 0
1690592906874471 100 0 98 2 100 100 0 0 0 0 0 0 0 2 2 0 80 80 78 0 0 0 470162 99996 0 1696 117371 39484 116939814 7641 2069 5429016521 5429016521 0 0 0 1.000000 3278 39336 142983082 2017387368 19393 10470 0.674646 1200 4535549 59502858 24 126975 1315509 12 128628 3735873 0 0 0
1690592907646903 100 0 99 1 100 100 0 0 0 0 0 0 0 1 1 0 80 80 79 0 0 0 470163 100412 0 1722 117456 39510 117711645 7671 2069 5505084549 5505084549 0 0 0 1.000000 3464 41568 155656820 2131813749 7050 10137 0.674645 1200 4535549 59502858 12 31924 422207 12 128628 3735873 0 0 0
1690592907944874 100 0 100 0 100 100 0 0 0 0 0 0 0 0 0 0 80 80 80 0 0 0 470164 100698 0 1741 117506 39534 118009181 7703 2069 5581962995 5581962995 0 0 0 1.000000 3614 43368 167053094 -2147483648 5004 9638 0.674645 1200 4535549 59502858 0 0 0 12 128628 3735873 0 0 0
1690592912987217 100 0 61 39 100 100 0 0 0 0 0 0 0 39 39 0 119 119 80 0 0 0 480068 100739 0 1741 118548 59253 123018951 9428 3143 5581962995 5581962995 0 0 0 1.000000 3635 43620 168023795 -2147483648 16010 10260 0.345372 1200 4535549 59502858 468 1533380 20488155 12 128628 3735873 0 0 0
1690592914119379 100 0 61 39 100 100 0 0 0 0 0 0 0 39 39 1 119 119 80 0 0 0 480070 100740 0 1741 118587 59256 124150829 9464 3143 5588128625 5581962995 0 0 0 1.000000 3635 43620 168023795 -2147483648 16010 10548 0.361698 1200 4535549 59502858 468 1533380 20488155 12 128628 3735873 0 0 0
1690592914119601 100 0 62 38 100 100 0 0 0 0 0 0 0 38 38 0 119 119 81 0 0 0 480072 101089 0 1758 118591 59276 124150829 9464 3143 5588128625 5588128625 0 0 0 1.000000 3635 43620 168023795 -2147483648 16010 11082 0.432599 1200 4535549 59502858 456 1438336 16753397 12 128628 3735873 0 0 0
1690592927062238 100 0 62 38 100 100 0 0 0 0 0 0 0 38 38 1 119 119 81 0 0 0 480088 101102 0 1758 118776 59361 137092728 9590 3143 5607233803 5588128625 0 0 0 1.000000 3598 43176 170948323 -2147483648 4462 10751 0.491681 1200 4535549 59502858 456 1438336 16753397 12 128628 3735873 0 0 0
1690592927062467 100 0 63 37 100 100 0 0 0 0 0 0 0 37 37 0 119 119 82 0 0 0 480090 101527 0 1778 118780 59396 137092728 9590 3143 5607233803 5607233803 0 0 0 1.000000 3598 43176 170948323 -2147483648 4462 10139 0.538471 1200 4535549 59502858 444 1406412 16331543 12 128628 3735873 0 0 0
1690592927073984 100 0 64 36 100 100 0 0 0 0 0 0 0 36 36 0 119 119 83 0 0 0 480093 102178 0 1816 118866 59440 137103371 9630 3143 5626349030 5626349030 0 0 0 1.000000 3556 42672 168952818 -2147483648 19555 11058 0.574544 1200 4535549 59502858 432 1342296 15909401 12 128628 3735873 0 0 0
1690592927622558 100 0 65 35 100 100 0 0 0 0 0 0 0 35 35 0 119 119 84 0 0 0 480094 102484 0 1833 118926 59466 137651478 9663 3143 5646018546 5646018546 0 0 0 1.000000 3584 43008 170283155 -2147483648 14362 11381 0.601062 1200 4535549 59502858 420 1310372 15487264 12 128628 3735873 0 0 0
1690592927806622 100 0 66 34 100 100 0 0 0 0 0 0 0 34 34 0 119 119 85 0 0 0 480097 102859 0 1851 118999 59505 137834958 9714 3143 5665872900 5665872900 0 0 0 1.000000 3603 43236 171185884 -2147483648 26945 12900 0.620555 1200 4535549 59502858 408 1181839 14592022 12 128628 3735873 0 0 0
1690592929131713 100 0 66 34 100 100 0 0 0 0 0 0 0 34 34 1 119 119 85 0 0 0 480099 102861 0 1851 119080 59517 139159472 9737 3143 5687046778 5665872900 0 0 0 1.000000 3759 45108 186009052 -2147483648 22012 13356 0.600571 1200 4535549 59502858 408 1181839 14592022 12 128628 3735873 0 0 0
1690592929132038 100 0 67 33 100 100 0 0 0 0 0 0 0 33 33 0 119 119 86 0 0 0 480100 103577 0 1888 119083 59536 139159472 9737 3143 5687046778 5687046778 0 0 0 1.000000 3759 45108 186009052 -2147483648 22012 14201 0.627162 1200 4535549 59502858 396 1149915 14169247 12 128628 3735873 0 0 0
1690592929265010 100 0 68 32 100 100 0 0 0 0 0 0 0 32 32 0 119 119 87 0 0 0 480103 103853 0 1905 119123 59559 139292009 9773 3143 5708360344 5708360344 0 0 0 1.000000 3932 47184 189504105 -2147483648 18461 14617 0.639741 1200 4535549 59502858 384 1117991 13746715 12 128628 3735873 0 0 0
1690592929331684 100 0 69 31 100 100 0 0 0 0 0 0 0 31 31 0 119 119 88 0 0 0 480105 104563 0 1943 119206 59585 139357794 9798 3143 5729737339 5729737339 0 0 0 1.000000 3955 47460 190612598 -2147483648 30319 16149 0.648988 1200 4535549 59502858 372 1086067 13324862 12 128628 3735873 0 0 0
1690592929353541 100 0 70 30 100 100 0 0 0 0 0 0 0 30 30 0 119 119 89 0 0 0 480106 104933 0 1962 119294 59614 139379089 9831 3143 5751137990 5751137990 0 0 0 1.000000 3938 47256 189793277 -2147483648 14908 16029 0.655785 1200 4535549 59502858 360 1054143 12902309 12 128628 3735873 0 0 0
1690592929391668 100 0 71 29 100 100 0 0 0 0 0 0 0 29 29 0 119 119 90 0 0 0 480107 105236 0 1978 119333 59637 139416764 9871 3143 5772581537 5772581537 0 0 0 1.000000 3888 46656 187383509 -2147483648 23648 16772 0.660781 1200 4535549 59502858 348 1022219 12478671 12 128628 3735873 0 0 0
1690592929557764 100 0 72 28 100 100 0 0 0 0 0 0 0 28 28 0 119 119 91 0 0 0 480108 105580 0 1995 119408 59662 139582340 9903 3143 5794184437 5794184437 0 0 0 1.000000 3842 46104 185166523 -2147483648 28253 17893 0.664454 1200 4535549 59502858 336 990295 12057318 12 128628 3735873 0 0 0
1690592929664487 100 0 73 27 100 100 0 0 0 0 0 0 0 27 27 0 119 119 92 0 0 0 480108 105866 0 2012 119449 59697 139688605 9956 3143 5815897810 5815897810 0 0 0 1.000000 3849 46188 185503891 -2147483648 20059 18105 0.667154 1200 4535549 59502858 324 958371 11635034 12 128628 3735873 0 0 0
1690592930002103 100 0 74 26 100 100 0 0 0 0 0 0 0 26 26 0 119 119 93 0 0 0 480108 106286 0 2028 119491 59732 140025649 9989 3143 5837949457 5837949457 0 0 0 1.000000 3864 46368 186226821 -2147483648 23348 18617 0.669138 1200 4535549 59502858 312 926447 11212161 12 128628 3735873 0 0 0
1690592930296665 100 0 75 25 100 100 0 0 0 0 0 0 0 25 25 0 119 119 94 0 0 0 480109 106602 0 2045 119533 59756 140319757 10016 3143 5860297364 5860297364 0 0 0 1.000000 3815 45780 183865249 -2147483648 23410 19085 0.670597 1200 4535549 59502858 300 894523 10790726 12 128628 3735873 0 0 0
1690592930371932 100 0 76 24 100 100 0 0 0 0 0 0 0 24 24 0 119 119 95 0 0 0 480109 106992 0 2062 119577 59795 140394480 10045 3143 5882721344 5882721344 0 0 0 1.000000 3764 45168 181407286 -2147483648 30200 20169 0.671670 1200 4535549 59502858 288 862599 10369213 12 128628 3735873 0 0 0
1690592930523060 100 0 77 23 100 100 0 0 0 0 0 0 0 23 23 0 119 119 96 0 0 0 480110 107439 0 2078 119653 59821 140544971 10089 3143 5905291539 5905291539 0 0 0 1.000000 3738 44856 180154207 -2147483648 25864 20725 0.672458 1200 4535549 59502858 276 830675 9472746 12 128628 3735873 0 0 0
1690592930606373 100 0 78 22 100 100 0 0 0 0 0 0 0 22 22 0 119 119 97 0 0 0 480111 107728 0 2095 119696 59845 140627837 10121 3143 5927938400 5927938400 0 0 0 1.000000 3691 44292 173134415 -2147483648 19063 20564 0.673037 1200 4535549 59502858 264 798751 9050567 12 128628 3735873 0 0 0
1690592931385913 100 0 79 21 100 100 0 0 0 0 0 0 0 21 21 0 119 119 98 0 0 0 480112 108059 0 2112 119782 59871 141406849 10151 3143 5951365852 5951365852 0 0 0 1.000000 3664 43968 171867921 -2147483648 23276 20829 0.673463 1200 4535549 59502858 252 766827 8629270 12 128628 3735873 0 0 0
1690592931386358 100 0 80 20 100 100 0 0 0 0 0 0 0 20 20 0 119 119 99 0 0 0 480112 108345 0 2128 119811 59891 141406870 10190 3143 5974796418 5974796418 0 0 0 1.000000 3693 44316 168471043 2058666845 27401 21471 0.686534 1200 4535549 59502858 240 734903 8206914 12 128628 3735873 0 0 0
1690592931481467 100 0 81 19 100 100 0 0 0 0 0 0 0 19 19 0 119 119 100 0 0 0 480112 108658 0 2145 119859 59926 141501513 10216 3143 5998328787 5998328787 0 0 0 1.000000 3648 43776 166418187 2033550724 31706 22470 0.683385 1200 4535549 59502858 228 702979 7783938 12 128628 3735873 0 0 0
1690592931710912 100 0 82 18 100 100 0 0 0 0 0 0 0 18 18 0 119 119 101 0 0 0 480113 109157 0 2163 119939 59950 141730274 10249 3143 6022082958 6022082958 0 0 0 1.000000 3584 43008 163498570 1997882368 30326 23237 0.681070 1200 4535549 59502858 216 671055 7361226 12 128628 3735873 0 0 0
1690592931805829 100 0 83 17 100 100 0 0 0 0 0 0 0 17 17 0 119 119 102 0 0 0 480113 109620 0 2185 120018 59978 141824550 10275 3143 6045929962 6045929962 0 0 0 1.000000 3541 42492 161536952 1973923007 22624 23178 0.679368 1200 4535549 59502858 204 639131 6939901 12 128628 3735873 0 0 0
1690592931831374 100 0 84 16 100 100 0 0 0 0 0 0 0 16 16 0 119 119 103 0 0 0 480115 109942 0 2203 120078 60002 141849617 10301 3143 6069805818 6069805818 0 0 0 1.000000 3671 44052 167467424 2046292641 25397 23395 0.678117 1200 4535549 59502858 192 607207 6518319 12 128628 3735873 0 0 0
1690592932148621 100 0 85 15 100 100 0 0 0 0 0 0 0 15 15 0 119 119 104 0 0 0 480117 110383 0 2221 120170 60039 142166201 10348 3143 6094004260 6094004260 0 0 0 1.000000 3690 44280 168334186 2056739279 31877 24223 0.677197 1200 4535549 59502858 180 575283 6095540 12 128628 3735873 0 0 0
1690592932230800 100 0 86 14 100 100 0 0 0 0 0 0 0 14 14 0 119 119 105 0 0 0 480117 110849 0 2240 120252 60078 142247716 10378 3143 6118282847 6118282847 0 0 0 1.000000 3770 45240 171983707 2101304135 25689 24367 0.676521 1200 4535549 59502858 168 511296 5674393 12 128628 3735873 0 0 0
1690592932429338 100 0 87 13 100 100 0 0 0 0 0 0 0 13 13 0 119 119 106 0 0 0 480119 141904 0 2267 120301 63328 142410284 10412 3143 6142729059 6142729059 0 0 0 1.000000 3713 44556 167029987 2033707245 20840 24024 0.676024 1200 4535549 59502858 156 479372 5251105 12 128628 3735873 0 0 0
1690592932432280 100 0 88 12 100 100 0 0 0 0 0 0 0 12 12 0 119 119 107 0 0 0 480120 144606 0 2306 120359 63368 142410325 10450 3143 6167178838 6167178838 0 0 0 1.000000 4244 50928 190917120 -2147483648 1514 21830 0.688620 1200 4535549 59502858 144 415256 4828248 12 128628 3735873 0 0 0
1690592932473993 100 0 89 11 100 100 0 0 0 0 0 0 0 11 11 0 119 119 108 0 0 0 480121 170555 0 2376 120445 63401 142411378 10512 3143 6191677727 6191677727 0 0 0 1.000000 4074 48888 185946174 -2147483648 874 19788 0.684918 1200 4535549 59502858 132 383332 4406463 12 128628 3735873 0 0 0
1690592932773802 100 0 90 10 100 100 0 0 0 0 0 0 0 10 10 0 119 119 109 0 0 0 480124 170966 0 2395 120533 63429 142710398 10548 3143 6216497043 6216497043 0 0 0 1.000000 3845 46140 172978154 2069061670 930 17951 0.682197 1200 4535549 59502858 120 351408 3984256 12 128628 3735873 0 0 0
1690592932805979 100 0 91 9 100 100 0 0 0 0 0 0 0 9 9 0 119 119 110 0 0 0 480127 171299 0 2414 120617 63453 142742027 10583 3143 6241349263 6241349263 0 0 0 1.000000 3788 45456 170413849 2038391139 25720 18709 0.680196 1200 4535549 59502858 108 319484 3561101 12 128628 3735873 0 0 0
1690592932864995 100 0 92 8 100 100 0 0 0 0 0 0 0 8 8 0 119 119 111 0 0 0 480128 171740 0 2437 120698 63478 142800404 10626 3143 6266259095 6266259095 0 0 0 1.000000 4124 49488 185529755 -2147483648 28865 19700 0.678726 1200 4535549 59502858 96 287560 3139002 12 128628 3735873 0 0 0
1690592933215010 100 0 93 7 100 100 0 0 0 0 0 0 0 7 7 0 119 119 112 0 0 0 480129 172168 0 2457 120780 63537 143149753 10676 3143 6291523257 6291523257 0 0 0 1.000000 5318 63816 239245208 -2147483648 23975 20118 0.677645 1200 4535549 59502858 84 255636 2952734 12 128628 3735873 0 0 0
1690592933256073 100 0 94 6 100 100 0 0 0 0 0 0 0 6 6 0 119 119 113 0 0 0 480131 172463 0 2478 120843 63601 143190299 10718 3143 6316822060 6316822060 0 0 0 1.000000 6719 80628 302273138 -2147483648 25649 20658 0.676850 1200 4535549 59502858 72 223712 2529749 12 128628 3735873 0 0 0
1690592935105277 100 0 94 6 100 100 0 0 0 0 0 0 0 6 6 1 119 119 113 0 0 0 480133 172464 0 2478 120900 63606 145039104 10753 3143 6343965074 6316822060 0 0 0 1.000000 7468 89616 321245013 -2147483648 39042 21578 0.646424 1200 4535549 59502858 72 223712 2529749 12 128628 3735873 0 0 0
1690592935105546 100 0 95 5 100 100 0 0 0 0 0 0 0 5 5 0 119 119 114 0 0 0 480134 172942 0 2498 120903 63631 145039104 10753 3143 6343965074 6343965074 0 0 0 1.000000 7468 89616 321245013 -2147483648 39042 23282 0.664510 1200 4535549 59502858 60 191788 2107548 12 128628 3735873 0 0 0
1690592935250257 100 0 96 4 100 100 0 0 0 0 0 0 0 4 4 0 119 119 115 0 0 0 480135 173344 0 2520 120986 63659 145183212 10785 3143 6371258383 6371258383 0 0 0 1.000000 7514 90168 318287213 -2147483648 6333 21630 0.667195 1200 4535549 59502858 48 159864 1685455 12 128628 3735873 0 0 0
1690592936101674 100 0 97 3 100 100 0 0 0 0 0 0 0 3 3 0 119 119 116 0 0 0 480136 173686 0 2540 121036 63686 146034122 10816 3143 6399405903 6399405903 0 0 0 1.000000 7978 95736 337941893 -2147483648 30633 22509 0.669169 1200 4535549 59502858 36 127940 1262765 12 128628 3735873 0 0 0
1690592936310111 100 0 98 2 100 100 0 0 0 0 0 0 0 2 2 0 119 119 117 0 0 0 480137 173972 0 2559 121083 63720 146242107 10852 3143 6427759883 6427759883 0 0 0 1.000000 8262 99144 349971913 -2147483648 7641 21060 0.670620 1200 4535549 59502858 24 96016 841558 12 128628 3735873 0 0 0
1690592936620397 100 0 99 1 100 100 0 0 0 0 0 0 0 1 1 0 119 119 118 0 0 0 480138 177006 0 2586 121179 63748 146549150 10881 3143 6456420127 6456420127 0 0 0 1.000000 8176 98112 346329020 -2147483648 37755 22688 0.671686 1200 4535549 59502858 12 31924 422165 12 128628 3735873 0 0 0
1690592936719276 100 0 100 0 100 100 0 0 0 0 0 0 0 0 0 0 119 119 119 0 0 0 480152 177533 0 2639 121260 63784 146647289 10917 3143 6485187712 6485187712 0 0 0 1.000000 7950 95400 341974929 -2147483648 2549 20726 0.672470 1200 4535549 59502858 0 0 0 12 128628 3735873 0 0 0
1690592941739654 100 0 61 39 100 100 0 0 0 0 0 0 0 39 39 0 158 158 119 0 0 0 490607 177574 0 2639 122107 64101 151654143 12675 4199 6485187712 6485187712 0 0 0 1.000000 7746 92952 333199723 -2147483648 7282 20054 0.327152 1200 4535549 59502858 468 1533380 20488155 12 128628 3735873 0 0 0
1690592990542932 100 0 61 39 100 100 0 0 0 0 0 0 0 39 39 1 158 158 119 0 0 0 490708 177647 0 2639 137040 75559 200430191 12847 4199 6538998543 6485187712 0 0 0 1.000000 7746 92952 333199723 -2147483648 7282 18810 0.512802 1200 4535549 59502894 468 1533380 20488155 12 128628 3735873 0 0 0
1690592990543202 100 0 62 38 100 100 0 0 0 0 0 0 0 38 38 0 158 158 120 0 0 0 490709 178160 0 2660 137044 75585 200430191 12847 4199 6538998543 6538998543 0 0 0 1.000000 7746 92952 333199723 -2147483648 7282 17687 0.555674 1200 4535549 59502894 456 1501456 20066301 12 128628 3735873 0 0 0
1690592990820486 100 0 63 37 100 100 0 0 0 0 0 0 0 37 37 0 158 158 121 0 0 0 490709 178562 0 2678 137085 75610 200706820 12985 4199 6593092742 6593092742 0 0 0 1.000000 7807 93684 330694642 -2147483648 56112 21435 0.587191 1200 4535549 59502894 444 1469532 19643769 12 128628 3735873 0 0 0
1690592990881931 100 0 64 36 100 100 0 0 0 0 0 0 0 36 36 0 158 158 122 0 0 0 490710 178952 0 2697 137175 75636 200767654 13041 4199 6647247704 6647247704 0 0 0 1.000000 8266 99192 350137301 -2147483648 59576 25155 0.610358 1200 4535549 59502894 432 1340999 18748527 12 128628 3735873 0 0 0
1690592991672558 100 0 65 35 100 100 0 0 0 0 0 0 0 35 35 0 158 158 123 0 0 0 490711 179375 0 2717 137254 75662 201557640 13095 4199 6702192328 6702192328 0 0 0 1.000000 8737 104844 387314242 -2147483648 58801 28437 0.627389 1200 4535549 59502894 420 1309075 18325974 12 128628 3735873 0 0 0
1690592991877417 100 0 66 34 100 100 0 0 0 0 0 0 0 34 34 0 158 158 124 0 0 0 490712 179752 0 2737 137307 75691 201761931 13144 4199 6757338700 6757338700 0 0 0 1.000000 8750 105000 387890536 -2147483648 44204 29975 0.639907 1200 4535549 59502894 408 1277151 17903618 12 128628 3735873 0 0 0
1690592992068810 100 0 67 33 100 100 0 0 0 0 0 0 0 33 33 0 158 158 125 0 0 0 490713 180104 0 2757 137358 75723 201952778 13194 4199 6812677989 6812677989 0 0 0 1.000000 8850 106200 392323571 -2147483648 51879 32112 0.649110 1200 4535549 59502894 396 1245227 17482265 12 128628 3735873 0 0 0
1690592992647945 100 0 68 32 100 100 0 0 0 0 0 0 0 32 32 0 158 158 126 0 0 0 490713 180500 0 2778 137410 75754 202531318 13246 4199 6868602238 6868602238 0 0 0 1.000000 9326 111912 401410073 -2147483648 63390 35162 0.655874 1200 4535549 59502894 384 1213303 17059289 12 128628 3735873 0 0 0
1690592992858604 100 0 69 31 100 100 0 0 0 0 0 0 0 31 31 0 158 158 127 0 0 0 490713 180901 0 2800 137505 75783 202741346 13294 4199 6924730133 6924730133 0 0 0 1.000000 9382 112584 403820427 -2147483648 68958 38458 0.660847 1200 4535549 59502894 372 1149187 16636432 12 128628 3735873 0 0 0
1690592992914543 100 0 70 30 100 100 0 0 0 0 0 0 0 30 30 0 158 158 128 0 0 0 490716 181426 0 2824 137600 75824 202796536 13329 4199 6980916584 6980916584 0 0 0 1.000000 9830 117960 410161365 -2147483648 40555 38663 0.664502 1200 4535549 59502894 360 1117263 16214295 12 128628 3735873 0 0 0
1690592993285627 100 0 71 29 100 100 0 0 0 0 0 0 0 29 29 0 158 158 129 0 0 0 490718 182141 0 2867 137682 75851 203166682 13375 4199 7037469824 7037469824 0 0 0 1.000000 10693 128316 432394587 -2147483648 52857 40048 0.667189 1200 4535549 59502894 348 1085339 15792202 12 128628 3735873 0 0 0
1690592993295308 100 0 72 28 100 100 0 0 0 0 0 0 0 28 28 0 158 158 130 0 0 0 490722 182612 0 2890 137732 75895 203175697 13425 4199 7094037780 7094037780 0 0 0 1.000000 10829 129948 437894041 -2147483648 47365 40762 0.669165 1200 4535549 59502894 336 1053415 14895735 12 128628 3735873 0 0 0
1690592993431932 100 0 73 27 100 100 0 0 0 0 0 0 0 27 27 0 158 158 131 0 0 0 490723 182969 0 2915 137793 75935 203311773 13463 4199 7150736482 7150736482 0 0 0 1.000000 11236 134832 439878164 -2147483648 57082 42354 0.670616 1200 4535549 59502894 324 989299 14473593 12 128628 3735873 0 0 0
1690592993442515 100 0 74 26 100 100 0 0 0 0 0 0 0 26 26 0 158 158 132 0 0 0 490724 183422 0 2935 137877 75961 203321672 13521 4199 7207445933 7207445933 0 0 0 1.000000 11526 138312 458803721 -2147483648 65472 44609 0.671684 1200 4535549 59502894 312 957375 14050818 12 128628 3735873 0 0 0
1690592993486818 100 0 75 25 100 100 0 0 0 0 0 0 0 25 25 0 158 158 133 0 0 0 490725 183925 0 2958 137974 75988 203365240 13578 4199 7264198496 7264198496 0 0 0 1.000000 11836 142032 463367564 -2147483648 56204 45740 0.672468 1200 4535549 59502894 300 925451 13629493 12 128628 3735873 0 0 0
1690592993571610 100 0 76 24 100 100 0 0 0 0 0 0 0 24 24 0 158 158 134 0 0 0 490726 184269 0 2980 138022 76017 203449508 13630 4199 7321035648 7321035648 0 0 0 1.000000 12064 144768 472293536 -2147483648 44723 45642 0.673045 1200 4535549 59502894 288 893527 13207314 12 128628 3735873 0 0 0
1690592993608593 100 0 77 23 100 100 0 0 0 0 0 0 0 23 23 0 158 158 135 0 0 0 490727 184645 0 3004 138070 76052 203485899 13687 4199 7377920796 7377920796 0 0 0 1.000000 12347 148164 459029207 -2147483648 68811 47902 0.673469 1200 4535549 59502894 276 861603 12785879 12 128628 3735873 0 0 0
1690592993757841 100 0 78 22 100 100 0 0 0 0 0 0 0 22 22 0 158 158 136 0 0 0 490728 185085 0 3033 138140 76080 203634510 13737 4199 7434953597 7434953597 0 0 0 1.000000 12633 151596 469661940 -2147483648 60196 49101 0.673781 1200 4535549 59502894 264 829679 12363006 12 128628 3735873 0 0 0
1690592993870419 100 0 79 21 100 100 0 0 0 0 0 0 0 21 21 0 158 158 137 0 0 0 490730 185439 0 3054 138217 76121 203746517 13786 4199 7492099195 7492099195 0 0 0 1.000000 12878 154536 478770400 -2147483648 61260 50287 0.674010 1200 4535549 59502894 252 797755 11940227 12 128628 3735873 0 0 0
1690592993875533 100 0 80 20 100 100 0 0 0 0 0 0 0 20 20 0 158 158 138 0 0 0 490732 185804 0 3075 138285 76148 203751054 13830 4199 7549249101 7549249101 0 0 0 1.000000 13181 158172 490035148 -2147483648 54064 50656 0.674178 1200 4535549 59502894 240 765831 11517943 12 128628 3735873 0 0 0
1690592994365306 100 0 81 19 100 100 0 0 0 0 0 0 0 19 19 0 158 158 139 0 0 0 490732 186177 0 3100 138334 76184 204240268 13880 4199 7606890183 7606890183 0 0 0 1.000000 13449 161388 499998688 -2147483648 63080 51869 0.674302 1200 4535549 59502894 228 733907 11096158 12 128628 3735873 0 0 0
1690592994416660 100 0 82 18 100 100 0 0 0 0 0 0 0 18 18 0 158 158 140 0 0 0 490735 186561 0 3121 138397 76211 204291045 13933 4199 7664573268 7664573268 0 0 0 1.000000 13689 164268 508921261 -2147483648 54430 52120 0.674393 1200 4535549 59502894 216 701983 10674861 12 128628 3735873 0 0 0
1690592994561238 100 0 83 17 100 100 0 0 0 0 0 0 0 17 17 0 158 158 141 0 0 0 490737 186952 0 3143 138454 76239 204435047 13966 4199 7722406306 7722406306 0 0 0 1.000000 13975 167700 519553994 -2147483648 63111 53193 0.674460 1200 4535549 59502894 204 606939 6940103 12 128628 3735873 0 0 0
1690592994568040 100 0 84 16 100 100 0 0 0 0 0 0 0 16 16 0 158 158 142 0 0 0 490738 188010 0 3185 138505 76265 204440612 14020 4199 7780242007 7780242007 0 0 0 1.000000 14252 171024 548211034 -2147483648 67327 54572 0.674509 1200 4535549 59502894 192 575015 6518896 12 128628 3735873 0 0 0
1690592994581114 100 0 85 15 100 100 0 0 0 0 0 0 0 15 15 0 158 158 143 0 0 0 490741 188489 0 3209 138602 76295 204452941 14073 4199 7838100280 7838100280 0 0 0 1.000000 14409 172908 554250125 -2147483648 29299 52109 0.674545 1200 4535549 59502894 180 543091 6095258 12 128628 3735873 0 0 0
1690592994650473 100 0 86 14 100 100 0 0 0 0 0 0 0 14 14 0 158 158 144 0 0 0 490742 188962 0 3232 138697 76323 204521592 14121 4199 7896019880 7896019880 0 0 0 1.000000 14646 175752 563366461 -2147483648 59100 52792 0.674572 1200 4535549 59502894 168 511167 5673676 12 128628 3735873 0 0 0
1690592994682601 100 0 87 13 100 100 0 0 0 0 0 0 0 13 13 0 158 158 145 0 0 0 490746 189377 0 3256 138813 76349 204553062 14170 4199 7953969744 7953969744 0 0 0 1.000000 14870 178440 571982744 -2147483648 47476 52275 0.674591 1200 4535549 59502894 156 479243 5250691 12 128628 3735873 0 0 0
1690592994697734 100 0 88 12 100 100 0 0 0 0 0 0 0 12 12 0 158 158 146 0 0 0 490746 196649 0 3280 138862 76389 204560731 14225 4199 8011931773 8011931773 0 0 0 1.000000 15149 181788 582714633 -2147483648 56317 52670 0.674606 1200 4535549 59502894 144 447319 4828838 12 128628 3735873 0 0 0
1690592994871322 100 0 89 11 100 100 0 0 0 0 0 0 0 11 11 0 158 158 147 0 0 0 490759 197140 0 3303 138949 76424 204733594 14272 4199 8070077670 8070077670 0 0 0 1.000000 14678 176136 564597358 -2147483648 7510 48267 0.674616 1200 4535549 59502894 132 415395 4642570 12 128628 3735873 0 0 0
1690592994917480 100 0 90 10 100 100 0 0 0 0 0 0 0 10 10 0 158 158 148 0 0 0 490760 197646 0 3325 139043 76473 204778997 14327 4199 8128271880 8128271880 0 0 0 1.000000 14902 178824 573213642 -2147483648 55536 48977 0.674624 1200 4535549 59502894 120 383471 4220405 12 128628 3735873 0 0 0
1690592995030952 100 0 91 9 100 100 0 0 0 0 0 0 0 9 9 0 158 158 149 0 0 0 490761 198069 0 3346 139090 76504 204891870 14377 4199 8186580384 8186580384 0 0 0 1.000000 15110 181320 581214476 -2147483648 53636 49432 0.674630 1200 4535549 59502894 108 351547 3798892 12 128628 3735873 0 0 0
1690592995036347 100 0 92 8 100 100 0 0 0 0 0 0 0 8 8 0 158 158 150 0 0 0 490764 198500 0 3367 139173 76531 204896604 14431 4199 8244894236 8244894236 0 0 0 1.000000 15341 184092 590100019 -2147483648 65150 50965 0.674634 1200 4535549 59502894 96 319623 3375604 12 128628 3735873 0 0 0
1690592995083147 100 0 93 7 100 100 0 0 0 0 0 0 0 7 7 0 158 158 151 0 0 0 490764 199012 0 3391 139277 76574 204942638 14487 4199 8303247159 8303247159 0 0 0 1.000000 15565 186780 598716302 -2147483648 47799 50657 0.674637 1200 4535549 59502894 84 287699 2953505 12 128628 3735873 0 0 0
1690592995138480 100 0 94 6 100 100 0 0 0 0 0 0 0 6 6 0 158 158 152 0 0 0 490765 199408 0 3413 139326 76603 204997398 14535 4199 8361656870 8361656870 0 0 0 1.000000 15772 189264 606678671 -2147483648 46534 50256 0.674639 1200 4535549 59502894 72 255775 2530350 12 128628 3735873 0 0 0
1690592995159891 100 0 95 5 100 100 0 0 0 0 0 0 0 5 5 0 158 158 153 0 0 0 490767 199894 0 3434 139426 76630 205018079 14583 4199 8420085007 8420085007 0 0 0 1.000000 15972 191664 614371781 -2147483648 52527 50478 0.674641 1200 4535549 59502894 60 223851 2107638 12 128628 3735873 0 0 0
1690592995165538 100 0 96 4 100 100 0 0 0 0 0 0 0 4 4 0 158 158 154 0 0 0 490769 200265 0 3456 139487 76663 205023149 14633 4199 8478524594 8478524594 0 0 0 1.000000 16201 194412 623180393 -2147483648 56672 51083 0.674642 1200 4535549 59502894 48 191927 1684948 12 128628 3735873 0 0 0
1690592995181148 100 0 97 3 100 100 0 0 0 0 0 0 0 3 3 0 158 158 155 0 0 0 490771 200631 0 3477 139537 76692 205038207 14684 4199 8536976344 8536976344 0 0 0 1.000000 16471 197652 622788343 -2147483648 65959 52534 0.674643 1200 4535549 59502894 36 160003 1262741 12 128628 3735873 0 0 0
1690592997242646 100 0 97 3 100 100 0 0 0 0 0 0 0 3 3 1 158 158 155 0 0 0 490775 200634 0 3477 139613 76711 207099140 14740 4199 8597494425 8536976344 0 0 0 1.000000 18674 224088 706086426 -2147483648 55092 52662 0.631775 1200 4535549 59502894 36 160003 1262741 12 128628 3735873 0 0 0
1690592997242905 100 0 98 2 100 100 0 0 0 0 0 0 0 2 2 0 158 158 156 0 0 0 490776 201192 0 3502 139617 76749 207099140 14740 4199 8597494425 8597494425 0 0 0 1.000000 18674 224088 706086426 -2147483648 55092 52900 0.652578 1200 4535549 59502894 24 95911 843348 12 128628 3735873 0 0 0
1690592998143549 100 0 99 1 100 100 0 0 0 0 0 0 0 1 1 0 158 158 157 0 0 0 490778 201543 0 3522 139669 76773 207999255 14794 4199 8658903805 8658903805 0 0 0 1.000000 23919 287028 904394475 -2147483648 44207 52054 0.658424 1200 4535549 59502894 12 63987 421147 12 128628 3735873 0 0 0
1690593001557864 100 0 99 1 100 100 0 0 0 0 0 0 0 1 1 1 158 158 157 0 0 0 490784 201546 0 3522 139771 76799 211413049 14843 4199 8723734732 8658903805 0 0 0 1.000000 32416 388992 1225672115 -2147483648 70424 52973 0.609417 1200 4535549 59502894 12 63987 421147 12 128628 3735873 0 0 0
1690593001558137 100 0 100 0 100 100 0 0 0 0 0 0 0 0 0 0 158 158 158 0 0 0 490786 202040 0 3541 139780 76844 211413049 14843 4199 8723734732 8723734732 0 0 0 1.000000 32416 388992 1225672115 -2147483648 70424 54675 0.634368 1200 4535549 59502894 0 0 0 12 128628 3735873 0 0 0
1690593006579738 100 0 61 39 100 100 0 0 0 0 0 0 0 39 39 0 197 197 158 0 0 0 502144 202073 0 3541 140704 77154 216419903 16758 5293 8723734732 8723734732 0 0 0 1.000000 32740 392880 1259346105 -2147483648 45242 54204 0.304580 1200 4535549 59502894 468 1533380 20488175 12 128628 3735873 0 0 0
1690593010839574 100 0 61 39 100 100 0 0 0 0 0 0 0 39 39 1 197 197 158 0 0 0 502149 202076 0 3541 140765 77175 220679347 16779 5293 8733006511 8723734732 0 0 0 1.000000 32740 392880 1259346105 -2147483648 45242 53756 0.374670 1200 4535549 59502894 468 1533380 20488175 12 128628 3735873 0 0 0
1690593010839788 100 0 62 38 100 100 0 0 0 0 0 0 0 38 38 0 197 197 159 0 0 0 502149 202466 0 3559 140769 77196 220679347 16779 5293 8733006511 8733006511 0 0 0 1.000000 32740 392880 1259346105 -2147483648 45242 52927 0.443165 1200 4535549 59502894 456 1469264 20065318 12 128628 3735873 0 0 0
1690593010862710 100 0 63 37 100 100 0 0 0 0 0 0 0 37 37 0 197 197 160 0 0 0 502150 202779 0 3577 140808 77223 220701791 16831 5293 8742303723 8742303723 0 0 0 1.000000 32547 390564 1273305063 -2147483648 11065 48846 0.504486 1200 4535549 59502894 444 1437340 19168850 12 128628 3735873 0 0 0
1690593010869430 100 0 64 36 100 100 0 0 0 0 0 0 0 36 36 0 197 197 161 0 0 0 502152 203230 0 3595 140896 77248 220707856 16874 5293 8751611420 8751611420 0 0 0 1.000000 32446 389352 1269353737 -2147483648 11680 45223 0.549562 1200 4535549 59502894 432 1405416 18745211 12 128628 3735873 0 0 0
1690593010872053 100 0 65 35 100 100 0 0 0 0 0 0 0 35 35 0 197 197 162 0 0 0 502153 203518 0 3612 140937 77274 220710041 16914 5293 8760919996 8760919996 0 0 0 1.000000 32242 386904 1261372840 -2147483648 9576 41748 0.582698 1200 4535549 59502894 420 1373492 18322338 12 128628 3735873 0 0 0
1690593010877271 100 0 66 34 100 100 0 0 0 0 0 0 0 34 34 0 197 197 163 0 0 0 502154 203849 0 3630 140980 77302 220714764 16963 5293 8770234889 8770234889 0 0 0 1.000000 31985 383820 1251318476 -2147483648 12216 38870 0.607056 1200 4535549 59502894 408 1341568 17899346 12 128628 3735873 0 0 0
1690593010881380 100 0 67 33 100 100 0 0 0 0 0 0 0 33 33 0 197 197 164 0 0 0 502155 204293 0 3647 141055 77338 220718222 17009 5293 8779546949 8779546949 0 0 0 1.000000 33284 399408 1302138007 -2147483648 12145 36265 0.624961 1200 4535549 59502894 396 1309644 17476632 12 128628 3735873 0 0 0
1690593010883363 100 0 68 32 100 100 0 0 0 0 0 0 0 32 32 0 197 197 165 0 0 0 502156 204844 0 3666 141131 77367 220719443 17048 5293 8788859737 8788859737 0 0 0 1.000000 33005 396060 1291222958 -2147483648 9680 33674 0.638123 1200 4535549 59502894 384 1277720 17053857 12 128628 3735873 0 0 0
1690593010885268 100 0 69 31 100 100 0 0 0 0 0 0 0 31 31 0 197 197 166 0 0 0 502157 205290 0 3684 141206 77397 220720712 17087 5293 8798182944 8798182944 0 0 0 1.000000 33962 407544 1328662751 -2147483648 8672 31237 0.647798 1200 4535549 59502894 372 1245796 16631692 12 128628 3735873 0 0 0
1690593010886862 100 0 70 30 100 100 0 0 0 0 0 0 0 30 30 0 197 197 167 0 0 0 502158 205655 0 3701 141249 77425 220721784 17115 5293 8807503921 8807503921 0 0 0 1.000000 33564 402768 1313092178 -2147483648 9159 29086 0.654910 1200 4535549 59502894 360 1213872 16209139 12 128628 3735873 0 0 0
1690593010892259 100 0 71 29 100 100 0 0 0 0 0 0 0 29 29 0 197 197 168 0 0 0 502159 206155 0 3721 141325 77451 220726492 17143 5293 8816833225 8816833225 0 0 0 1.000000 38997 467964 1500041094 -2147483648 10221 27247 0.660138 1200 4535549 59502894 348 1181948 15787354 12 128628 3735873 0 0 0
1690593010894101 100 0 72 28 100 100 0 0 0 0 0 0 0 28 28 0 197 197 169 0 0 0 502160 206438 0 3737 141364 77477 220727888 17177 5293 8826161373 8826161373 0 0 0 1.000000 40648 487776 1563547718 -2147483648 9102 25479 0.663981 1200 4535549 59502894 336 1150024 15365217 12 128628 3735873 0 0 0
1690593010908364 100 0 73 27 100 100 0 0 0 0 0 0 0 27 27 0 197 197 170 0 0 0 502162 206765 0 3756 141404 77503 220741674 17216 5293 8835505106 8835505106 0 0 0 1.000000 40043 480516 1540276060 -2147483648 13047 24268 0.666806 1200 4535549 59502894 324 1118100 14942685 12 128628 3735873 0 0 0
1690593010914174 100 0 74 26 100 100 0 0 0 0 0 0 0 26 26 0 197 197 171 0 0 0 502163 207215 0 3773 141479 77529 220746842 17246 5293 8844851405 8844851405 0 0 0 1.000000 39357 472284 1513888692 -2147483648 12199 23092 0.668883 1200 4535549 59502894 312 1086176 14520585 12 128628 3735873 0 0 0
1690593010919606 100 0 75 25 100 100 0 0 0 0 0 0 0 25 25 0 197 197 172 0 0 0 502163 207532 0 3789 141544 77565 220751767 17290 5293 8854207187 8854207187 0 0 0 1.000000 38562 462744 1407279268 -2147483648 10018 21818 0.670409 1200 4535549 59502894 300 1054252 14334315 12 128628 3735873 0 0 0
1690593010926786 100 0 76 24 100 100 0 0 0 0 0 0 0 24 24 0 197 197 173 0 0 0 502163 207830 0 3805 141628 77590 220758453 17333 5293 8863572876 8863572876 0 0 0 1.000000 38053 456636 1388703853 -2147483648 11579 20821 0.671532 1200 4535549 59502894 288 1022328 13911027 12 128628 3735873 0 0 0
1690593011001522 100 0 77 23 100 100 0 0 0 0 0 0 0 23 23 0 197 197 174 0 0 0 502163 208154 0 3822 141684 77616 220832696 17371 5293 8873007302 8873007302 0 0 0 1.000000 37409 448908 1365201756 -2147483648 11535 19916 0.672357 1200 4535549 59502894 276 990404 13489173 12 128628 3735873 0 0 0
1690593011007751 100 0 78 22 100 100 0 0 0 0 0 0 0 22 22 0 197 197 175 0 0 0 502163 208473 0 3839 141738 77656 220838431 17409 5293 8882453525 8882453525 0 0 0 1.000000 36498 437976 1331955778 -2147483648 9232 18875 0.672963 1200 4535549 59502894 264 958480 13067660 12 128628 3735873 0 0 0
1690593011009555 100 0 79 21 100 100 0 0 0 0 0 0 0 21 21 0 197 197 176 0 0 0 502164 208832 0 3858 141824 77683 220839674 17451 5293 8891898521 8891898521 0 0 0 1.000000 35578 426936 1298381354 -2147483648 9810 17992 0.673409 1200 4535549 59502894 252 926556 12644970 12 128628 3735873 0 0 0
1690593011013825 100 0 80 20 100 100 0 0 0 0 0 0 0 20 20 0 197 197 177 0 0 0 502165 209184 0 3874 141902 77721 220843376 17492 5293 8901341999 8901341999 0 0 0 1.000000 34984 419808 1253720181 -2147483648 9343 17150 0.673736 1200 4535549 59502894 240 894632 12221985 12 128628 3735873 0 0 0
1690593011029328 100 0 81 19 100 100 0 0 0 0 0 0 0 19 19 0 197 197 178 0 0 0 502167 209563 0 3893 141979 77747 220858308 17521 5293 8910799473 8910799473 0 0 0 1.000000 34118 409416 1222685374 -2147483648 8432 16301 0.673977 1200 4535549 59502894 228 862708 11799784 12 128628 3735873 0 0 0
1690593011034173 100 0 82 18 100 100 0 0 0 0 0 0 0 18 18 0 197 197 179 0 0 0 502169 209941 0 3911 142054 77773 220862582 17559 5293 8920266698 8920266698 0 0 0 1.000000 33275 399300 1192474817 -2147483648 7843 15478 0.674154 1200 4535549 59502894 216 830784 11376637 12 128628 3735873 0 0 0
1690593011039419 100 0 83 17 100 100 0 0 0 0 0 0 0 17 17 0 197 197 180 0 0 0 502170 210346 0 3933 142131 77809 220867224 17599 5293 8929736852 8929736852 0 0 0 1.000000 32334 388008 1158752239 -2147483648 8078 14757 0.674284 1200 4535549 59502894 204 798860 10955430 12 128628 3735873 0 0 0
1690593011045245 100 0 84 16 100 100 0 0 0 0 0 0 0 16 16 0 197 197 181 0 0 0 502170 210664 0 3971 142200 77838 220872563 17627 5293 8939214667 8939214667 0 0 0 1.000000 31318 375816 1101766601 -2147483648 7959 14096 0.674380 1200 4535549 59502894 192 766936 10533222 12 128628 3735873 0 0 0
1690593011051668 100 0 85 15 100 100 0 0 0 0 0 0 0 15 15 0 197 197 182 0 0 0 502172 211028 0 3989 142275 77869 220878421 17672 5293 8948695097 8948695097 0 0 0 1.000000 30456 365472 1071441459 -2147483648 8883 13589 0.674450 1200 4535549 59502894 180 735012 10111925 12 128628 3735873 0 0 0
1690593011057138 100 0 86 14 100 100 0 0 0 0 0 0 0 14 14 0 197 197 183 0 0 0 502183 211404 0 4007 142359 77898 220883291 17728 5293 8958184499 8958184499 0 0 0 1.000000 29673 356076 1043895535 -2147483648 8069 13051 0.674502 1200 4535549 59502894 168 703088 9690572 12 128628 3735873 0 0 0
1690593011058298 100 0 87 13 100 100 0 0 0 0 0 0 0 13 13 0 197 197 184 0 0 0 502185 211719 0 4025 142400 77924 220883993 17756 5293 8967679315 8967679315 0 0 0 1.000000 28705 344460 1009841315 -2147483648 8698 12628 0.674540 1200 4535549 59502894 156 671164 9267793 12 128628 3735873 0 0 0
1690593011063949 100 0 88 12 100 100 0 0 0 0 0 0 0 12 12 0 197 197 185 0 0 0 502187 212145 0 4043 142490 77951 220889010 17798 5293 8977171711 8977171711 0 0 0 1.000000 27850 334200 979762432 -2147483648 9543 12328 0.674568 1200 4535549 59502894 144 639240 8846468 12 128628 3735873 0 0 0
1690593011070324 100 0 89 11 100 100 0 0 0 0 0 0 0 11 11 0 197 197 186 0 0 0 502188 212459 0 4061 142533 77979 220894914 17838 5293 8986671232 8986671232 0 0 0 1.000000 26882 322584 945708212 -2147483648 7794 11887 0.674589 1200 4535549 59502894 132 575124 8424326 12 128628 3735873 0 0 0
1690593011114511 100 0 90 10 100 100 0 0 0 0 0 0 0 10 10 0 197 197 187 0 0 0 502189 212836 0 4079 142609 78006 220938524 17879 5293 8996215659 8996215659 0 0 0 1.000000 26071 312852 934305363 -2147483648 9360 11641 0.674604 1200 4535549 59502894 120 543200 8002471 12 128628 3735873 0 0 0
1690593011118047 100 0 91 9 100 100 0 0 0 0 0 0 0 9 9 0 197 197 188 0 0 0 502191 213220 0 4097 142695 78031 220941472 17908 5293 9005763866 9005763866 0 0 0 1.000000 25133 301596 900690296 -2147483648 8300 11316 0.674615 1200 4535549 59502894 108 511276 7580379 12 128628 3735873 0 0 0
1690593011119601 100 0 92 8 100 100 0 0 0 0 0 0 0 8 8 0 197 197 189 0 0 0 502193 213549 0 4117 142779 78057 220942496 17935 5293 9015317958 9015317958 0 0 0 1.000000 24251 291012 869082098 -2147483648 8154 11008 0.674623 1200 4535549 59502894 96 382743 6685137 12 128628 3735873 0 0 0
1690593011124106 100 0 93 7 100 100 0 0 0 0 0 0 0 7 7 0 197 197 190 0 0 0 502195 213928 0 4135 142855 78082 220946402 17983 5293 9024867490 9024867490 0 0 0 1.000000 23348 280176 882754526 -2147483648 8814 10795 0.674629 1200 4535549 59502894 84 350819 6262959 12 128628 3735873 0 0 0
1690593011126493 100 0 94 6 100 100 0 0 0 0 0 0 0 6 6 0 197 197 191 0 0 0 502197 214268 0 4153 142952 78108 220948232 18030 5293 9034429620 9034429620 0 0 0 1.000000 22382 268584 817399776 -2147483648 7972 10520 0.674633 1200 4535549 59502894 72 318895 5840675 12 128628 3735873 0 0 0
1690593011130713 100 0 95 5 100 100 0 0 0 0 0 0 0 5 5 0 197 197 192 0 0 0 502198 214568 0 4172 142992 78140 220951996 18070 5293 9043997975 9043997975 0 0 0 1.000000 21904 262848 799943021 -2147483648 9195 10392 0.674637 1200 4535549 59502894 60 286971 5419240 12 128628 3735873 0 0 0
1690593011132436 100 0 96 4 100 100 0 0 0 0 0 0 0 4 4 0 197 197 193 0 0 0 502198 215165 0 4211 143033 78165 220952970 18110 5293 9053561589 9053561589 0 0 0 1.000000 21033 252396 768133745 -2147483648 9087 10265 0.674639 1200 4535549 59502894 48 255047 4997658 12 128628 3735873 0 0 0
1690593011141702 100 0 97 3 100 100 0 0 0 0 0 0 0 3 3 0 197 197 194 0 0 0 502200 215482 0 4229 143075 78187 220961782 18138 5293 9063134427 9063134427 0 0 0 1.000000 20193 242316 737456603 -2147483648 7904 10035 0.674641 1200 4535549 59502894 36 223123 4575302 12 128628 3735873 0 0 0
1690593012119131 100 0 98 2 100 100 0 0 0 0 0 0 0 2 2 0 197 197 195 0 0 0 502201 216058 0 4251 143124 78223 221938434 18166 5293 9073690084 9073690084 0 0 0 1.000000 19336 232032 706158613 -2147483648 8955 9930 0.674642 1200 4535549 59502894 24 159031 4155907 12 128628 3735873 0 0 0
1690593012204801 100 0 99 1 100 100 0 0 0 0 0 0 0 1 1 0 197 197 196 0 0 0 502202 216387 0 4273 143175 78252 222023595 18215 5293 9084328621 9084328621 0 0 0 1.000000 20871 250452 775919038 -2147483648 8589 9800 0.674643 1200 4535549 59502894 12 63987 421147 12 128628 3735873 0 0 0
1690593013127472 100 0 100 0 100 100 0 0 0 0 0 0 0 0 0 0 197 197 197 0 0 0 502204 216811 0 4291 143222 78289 222945651 18276 5293 9095891173 9095891173 0 0 0 1.000000 20056 240672 771455268 -2147483648 14261 10236 0.674644 1200 4535549 59502894 0 0 0 12 128628 3735873 0 0 0
1690593013147124 0 0 0 0 0 100 100 100 0 0 0 0 0 0 0 0 197 197 197 0 0 0 502204 216811 0 4291 143222 78289 222945651 18276 5293 9095891173 9095891173 0 0 0 1.000000 19264 231168 753596279 -2147483648 15583 10504 0.674644 0 0 0 0 0 0 0 0 0 0 0 0
