# timestamp workers_connected workers_init workers_idle workers_busy workers_able workers_joined workers_removed workers_released workers_idled_out workers_blocked workers_slow workers_lost tasks_waiting tasks_on_workers tasks_running tasks_with_results tasks_submitted tasks_dispatched tasks_done tasks_failed tasks_cancelled tasks_exhausted_attempts time_send time_receive time_send_good time_receive_good time_status_msgs time_internal time_polling time_application time_scheduling time_execute time_execute_good time_execute_exhaustion bytes_sent bytes_received bandwidth capacity_tasks capacity_cores capacity_memory capacity_disk capacity_instantaneous capacity_weighted manager_load total_cores total_memory total_disk committed_cores committed_memory committed_disk max_cores max_memory max_disk min_cores min_memory min_disk
1690497115911955 0 0 0 0 0 0 0 0 0 0 0 0 0 0 0 0 0 0 0 0 0 0 0 0 0 0 0 0 0 0 0 0 0 0 0 0 1.000000 0 0 0 0 0 0 0.000000 0 0 0 0 0 0 0 0 0 0 0 0
1690497115916469 0 0 0 0 0 0 0 0 0 0 0 0 0 0 0 0 0 0 0 0 0 0 0 0 0 0 0 0 0 0 0 0 0 0 0 0 1.000000 10 10 5120 10240 10 10 0.000000 0 0 0 0 0 0 0 0 0 0 0 0
1690497120313397 1 0 0 1 1 1 0 0 0 0 0 0 99 1 0 0 100 0 0 0 0 0 602 40 0 0 483 10289 3609345 775838 8 0 0 0 0 0 1.000000 10 10 5120 10240 10 10 0.417807 12 31924 421332 0 0 0 12 31924 421332 0 0 0
1690497121007313 85 2 4 81 81 85 0 0 0 0 0 0 19 81 80 0 100 81 0 0 0 0 538646 446 0 0 40413 15922 3719152 775838 4041 0 0 0 0 0 1.000000 10 10 5120 10240 10 10 0.383082 972 3900545 47661849 972 3900545 47661849 12 192842 3734844 0 0 0
1690497121423913 100 0 1 99 100 100 0 0 0 0 0 0 0 99 99 0 100 100 1 0 0 0 864647 1086 0 35 60889 16265 3788107 775876 6217 1106873 1106873 0 0 0 1.000000 10 10 5120 10240 10 10 0.522437 1200 4700316 58989902 1188 4668392 58568570 12 192842 3734844 0 0 0
1690497121491936 100 0 2 98 100 100 0 0 0 0 0 0 0 98 98 0 100 100 2 0 0 0 864650 1344 0 50 60949 16295 3855577 776011 6217 2205338 2205338 0 0 0 1.000000 313 3756 9992212 131876916 313 41 0.562069 1200 4700316 58989902 1176 4636468 58145161 12 192842 3734844 0 0 0
1690497121517058 100 0 3 97 100 100 0 0 0 0 0 0 0 97 97 0 100 100 3 0 0 0 864651 13407 0 64 61009 16339 3868456 776044 6217 3298626 3298626 0 0 0 1.000000 46 552 1468504 19429043 25 41 0.588362 1200 4700316 58989902 1164 4572481 57723657 12 192842 3734844 0 0 0
1690497121517710 100 0 4 96 100 100 0 0 0 0 0 0 0 96 96 0 100 100 4 0 0 0 864652 13845 0 78 61068 16362 3868504 776078 6217 4399243 4399243 0 0 0 1.000000 52 624 2215807 21948247 73 45 0.611219 1200 4700316 58989902 1152 4508365 57300410 12 192842 3734844 0 0 0
1690497121521288 100 0 5 95 100 100 0 0 0 0 0 0 0 95 95 0 100 100 5 0 0 0 864655 14109 0 92 61124 16392 3871661 776104 6217 5499319 5499319 0 0 0 1.000000 64 768 3071216 27031872 208 62 0.620969 1200 4700316 58989902 1140 4476441 56877232 12 192842 3734844 0 0 0
1690497121533661 100 0 6 94 100 100 0 0 0 0 0 0 0 94 94 0 100 100 6 0 0 0 864660 14419 0 106 61254 16438 3883470 776135 6217 6596328 6596328 0 0 0 1.000000 76 912 3402900 32112584 288 85 0.627437 1200 4700316 58989902 1128 4444517 56454204 12 192842 3734844 0 0 0
1690497121538759 100 0 7 93 100 100 0 0 0 0 0 0 0 93 93 0 100 100 7 0 0 0 864663 14744 0 120 61315 16468 3888068 776177 6217 7696119 7696119 0 0 0 1.000000 75 900 3197488 31696225 69 85 0.631728 1200 4700316 58989902 1116 4412593 56032258 12 192842 3734844 0 0 0
1690497121552936 100 0 8 92 100 100 0 0 0 0 0 0 0 92 92 0 100 100 8 0 0 0 864664 15033 0 134 61376 16500 3901788 776207 6217 8797885 8797885 0 0 0 1.000000 74 888 3041644 31266523 71 85 0.634575 1200 4700316 58989902 1104 4380669 55609474 12 192842 3734844 0 0 0
1690497121568057 100 0 9 91 100 100 0 0 0 0 0 0 0 91 91 0 100 100 9 0 0 0 864667 15298 0 148 61435 16537 3916471 776237 6217 9906123 9906123 0 0 0 1.000000 82 984 3276382 34649387 258 103 0.636464 1200 4700316 58989902 1092 4316553 55186285 12 192842 3734844 0 0 0
1690497121585318 100 0 10 90 100 100 0 0 0 0 0 0 0 90 90 0 100 100 10 0 0 0 864670 15653 0 163 61500 17081 3932682 776262 6217 10991767 10991767 0 0 0 1.000000 47 564 2004096 19863334 11 95 0.637717 1200 4700316 58989902 1080 4252566 54765045 12 192842 3734844 0 0 0
1690497121591611 100 0 11 89 100 100 0 0 0 0 0 0 0 89 89 0 100 100 11 0 0 0 864673 16013 0 180 61657 17119 3938323 776299 6217 12086437 12086437 0 0 0 1.000000 51 612 2283525 21546771 349 121 0.638548 1200 4700316 58989902 1068 4220642 54342400 12 192842 3734844 0 0 0
1690497121634409 100 0 12 88 100 100 0 0 0 0 0 0 0 88 88 0 100 100 12 0 0 0 864674 16303 0 196 61716 17153 3980653 776323 6217 13187976 13187976 0 0 0 1.000000 55 660 2398370 23237510 302 140 0.639099 1200 4700316 58989902 1056 4156526 53921122 12 192842 3734844 0 0 0
1690497121639945 100 0 13 87 100 100 0 0 0 0 0 0 0 87 87 0 100 100 13 0 0 0 864674 16552 0 211 61776 17185 3985768 776359 6217 14296800 14296800 0 0 0 1.000000 58 696 2628319 24499104 129 140 0.639465 1200 4700316 58989902 1044 4027993 53026344 12 192842 3734844 0 0 0
1690497121643268 100 0 14 86 100 100 0 0 0 0 0 0 0 86 86 0 100 100 14 0 0 0 864678 16903 0 227 61888 17221 3988521 776384 6217 15402641 15402641 0 0 0 1.000000 60 720 3103030 27524114 86 136 0.639708 1200 4700316 58989902 1032 3932949 49292105 12 192842 3734844 0 0 0
1690497121645314 100 0 15 85 100 100 0 0 0 0 0 0 0 85 85 0 100 100 15 0 0 0 864678 17250 0 242 61964 17253 3990047 776407 6217 16512709 16512709 0 0 0 1.000000 61 732 3343528 42254687 82 132 0.639869 1200 4700316 58989902 1020 3901025 48870658 12 192842 3734844 0 0 0
1690497121646955 100 0 16 84 100 100 0 0 0 0 0 0 0 84 84 0 100 100 16 0 0 0 864682 17536 0 260 62024 17282 3991233 776431 6217 17609026 17609026 0 0 0 1.000000 64 768 3410309 43175442 192 138 0.639976 1200 4700316 58989902 1008 3869101 48449391 12 192842 3734844 0 0 0
1690497121652465 100 0 17 83 100 100 0 0 0 0 0 0 0 83 83 0 100 100 17 0 0 0 864686 17783 0 277 62085 17310 3996339 776454 6217 18712744 18712744 0 0 0 1.000000 62 744 3220959 40844481 47 130 0.640047 1200 4700316 58989902 996 3837177 48028413 12 192842 3734844 0 0 0
1690497121653884 100 0 18 82 100 100 0 0 0 0 0 0 0 82 82 0 100 100 18 0 0 0 864688 18147 0 292 62178 17340 3997195 776482 6217 19810696 19810696 0 0 0 1.000000 60 720 3046373 38687609 39 122 0.640094 1200 4700316 58989902 984 3805253 47606535 12 192842 3734844 0 0 0
1690497121655950 100 0 19 81 100 100 0 0 0 0 0 0 0 81 81 0 100 100 19 0 0 0 864689 18412 0 306 62248 17370 3998829 776507 6217 20913349 20913349 0 0 0 1.000000 63 756 3132721 39841785 205 131 0.640125 1200 4700316 58989902 972 3773329 47183877 12 192842 3734844 0 0 0
1690497121664252 100 0 20 80 100 100 0 0 0 0 0 0 0 80 80 0 100 100 20 0 0 0 864692 18708 0 322 62307 17401 4006663 776535 6217 22012765 22012765 0 0 0 1.000000 65 780 3171272 40389033 188 137 0.640146 1200 4700316 58989902 960 3741405 46760918 12 192842 3734844 0 0 0
1690497121669638 100 0 21 79 100 100 0 0 0 0 0 0 0 79 79 0 100 100 21 0 0 0 864693 19087 0 338 62367 17433 4011512 776558 6217 23121319 23121319 0 0 0 1.000000 67 804 3212352 40967097 138 138 0.640159 1200 4700316 58989902 948 3646354 45867301 12 192842 3734844 0 0 0
1690497121673242 100 0 22 78 100 100 0 0 0 0 0 0 0 78 78 0 100 100 22 0 0 0 864695 19388 0 352 62425 17463 4014662 776582 6217 24232012 24232012 0 0 0 1.000000 65 780 3262264 40617575 46 130 0.640168 1200 4700316 58989902 936 3614430 45444668 12 192842 3734844 0 0 0
1690497121675653 100 0 23 77 100 100 0 0 0 0 0 0 0 77 77 0 100 100 23 0 0 0 864697 19661 0 367 62481 17493 4016645 776605 6217 25328711 25328711 0 0 0 1.000000 64 768 3158942 39404318 48 123 0.640174 1200 4700316 58989902 924 3582506 44549327 12 192842 3734844 0 0 0
1690497121678323 100 0 24 76 100 100 0 0 0 0 0 0 0 76 76 0 100 100 24 0 0 0 864700 20081 0 383 62612 17530 4018652 776631 6217 26417069 26417069 0 0 0 1.000000 61 732 2964627 38298917 28 115 0.640178 1200 4700316 58989902 912 3550582 44127369 12 192842 3734844 0 0 0
1690497121679789 100 0 25 75 100 100 0 0 0 0 0 0 0 75 75 0 100 100 25 0 0 0 864702 20333 0 398 62672 17561 4019699 776662 6217 27515501 27515501 0 0 0 1.000000 55 660 2634808 34059972 17 107 0.640181 1200 4700316 58989902 900 3518658 43705978 12 192842 3734844 0 0 0
1690497121683984 100 0 26 74 100 100 0 0 0 0 0 0 0 74 74 0 100 100 26 0 0 0 864705 20596 0 414 62732 17594 4023457 776689 6217 28613172 28613172 0 0 0 1.000000 54 648 2552382 33013276 45 102 0.640183 1200 4700316 58989902 888 3486734 43283114 12 192842 3734844 0 0 0
1690497121686052 100 0 27 73 100 100 0 0 0 0 0 0 0 73 73 0 100 100 27 0 0 0 864709 20873 0 429 62789 17622 4025093 776716 6217 29716274 29716274 0 0 0 1.000000 55 660 2567193 33225898 91 102 0.640184 1200 4700316 58989902 876 3454810 42860020 12 192842 3734844 0 0 0
1690497121691890 100 0 28 72 100 100 0 0 0 0 0 0 0 72 72 0 100 100 28 0 0 0 864710 21149 0 447 62849 17666 4030464 776757 6217 30823362 30823362 0 0 0 1.000000 55 660 2537142 32857168 53 98 0.640185 1200 4700316 58989902 864 3422886 42437990 12 192842 3734844 0 0 0
1690497121695926 100 0 29 71 100 100 0 0 0 0 0 0 0 71 71 0 100 100 29 0 0 0 864713 21403 0 462 62906 17707 4034080 776783 6217 31927692 31927692 0 0 0 1.000000 57 684 2600483 33694964 303 119 0.640185 1200 4700316 58989902 852 3390962 42014836 12 192842 3734844 0 0 0
1690497121701779 100 0 30 70 100 100 0 0 0 0 0 0 0 70 70 0 100 100 30 0 0 0 864716 21741 0 478 63038 17748 4039349 776809 6217 33032424 33032424 0 0 0 1.000000 58 696 2618708 33950132 109 119 0.640186 1200 4700316 58989902 840 3359038 41592038 12 192842 3734844 0 0 0
1690497121756340 100 0 31 69 100 100 0 0 0 0 0 0 0 69 69 0 100 100 31 0 0 0 864718 22022 0 493 63099 17779 4093448 776844 6217 34129591 34129591 0 0 0 1.000000 58 696 2593138 33635871 57 114 0.640186 1200 4700316 58989902 828 3327114 41169066 12 192842 3734844 0 0 0
1690497121761944 100 0 32 68 100 100 0 0 0 0 0 0 0 68 68 0 100 100 32 0 0 0 864719 22286 0 507 63191 17808 4098591 776867 6217 35225532 35225532 0 0 0 1.000000 59 708 2613514 33917075 190 122 0.640186 1200 4700316 58989902 816 3295190 40747647 12 192842 3734844 0 0 0
1690497121766589 100 0 34 66 100 100 0 0 0 0 0 0 0 66 66 0 100 100 34 0 0 0 864720 22942 0 537 63391 17852 4102263 776895 6217 37443081 37443081 0 0 0 1.000000 62 744 3002243 35025474 157 137 0.670637 1200 4700316 58989902 792 3007297 39454630 12 192842 3734844 0 0 0
1690497121766694 100 0 34 66 100 100 0 0 0 0 0 0 0 66 66 0 100 100 34 0 0 0 864720 22942 0 537 63391 17884 4102263 776929 6217 37443081 37443081 0 0 0 1.000000 63 756 3137065 36197710 128 137 0.670637 1200 4700316 58989902 792 3007297 39454630 12 192842 3734844 0 0 0
1690497121767303 100 0 35 65 100 100 0 0 0 0 0 0 0 65 65 0 100 100 35 0 0 0 864721 23368 0 552 63438 17907 4102297 776957 6217 38542125 38542125 0 0 0 1.000000 63 756 3137065 36197710 128 137 0.671699 1200 4700316 58989902 780 2975373 39032691 12 192842 3734844 0 0 0
1690497121772426 100 0 36 64 100 100 0 0 0 0 0 0 0 64 64 0 100 100 36 0 0 0 864726 23726 0 566 63566 17942 4106818 776977 6217 39641783 39641783 0 0 0 1.000000 64 768 3154182 36493186 195 143 0.661092 1200 4700316 58989902 768 2943449 38610651 12 192842 3734844 0 0 0
1690497121773553 100 0 37 63 100 100 0 0 0 0 0 0 0 63 63 0 100 100 37 0 0 0 864727 24034 0 584 63712 17979 4107372 777000 6217 40745021 40745021 0 0 0 1.000000 65 780 3172121 36795870 192 149 0.654056 1200 4700316 58989902 756 2879333 38187701 12 192842 3734844 0 0 0
1690497121780381 100 0 38 62 100 100 0 0 0 0 0 0 0 62 62 0 100 100 38 0 0 0 864730 24427 0 599 63845 18029 4113543 777024 6217 41846735 41846735 0 0 0 1.000000 66 792 3248240 37106629 132 149 0.649388 1200 4700316 58989902 744 2815217 37766328 12 192842 3734844 0 0 0
1690497121784430 100 0 39 61 100 100 0 0 0 0 0 0 0 61 61 0 100 100 39 0 0 0 864730 24691 0 614 63914 18059 4117156 777050 6217 42956906 42956906 0 0 0 1.000000 67 804 3323728 37420513 98 145 0.646291 1200 4700316 58989902 732 2783293 37343952 12 192842 3734844 0 0 0
1690497121834477 100 0 40 60 100 100 0 0 0 0 0 0 0 60 60 0 100 100 40 0 0 0 864732 25018 0 629 64083 18097 4166596 777073 6217 44065296 44065296 0 0 0 1.000000 67 804 3293348 37186633 93 141 0.644236 1200 4700316 58989902 720 2751369 36922100 12 192842 3734844 0 0 0
1690497121883827 100 0 41 59 100 100 0 0 0 0 0 0 0 59 59 0 100 100 41 0 0 0 864736 25303 0 644 64142 18128 4215485 777099 6217 45165890 45165890 0 0 0 1.000000 68 816 3313210 37515264 308 158 0.642873 1200 4700316 58989902 708 2687253 36501098 12 192842 3734844 0 0 0
1690497121888328 100 0 42 58 100 100 0 0 0 0 0 0 0 58 58 0 100 100 42 0 0 0 864740 29124 0 668 64205 18160 4215971 777124 6217 46280328 46280328 0 0 0 1.000000 69 828 3387838 37847012 73 150 0.641969 1200 4700316 58989902 696 2655329 36078495 12 192842 3734844 0 0 0
1690497121889931 100 0 45 55 100 100 0 0 0 0 0 0 0 55 55 0 100 100 45 0 0 0 864742 30433 0 725 64331 18187 4216037 777148 6217 49566909 49566909 0 0 0 1.000000 66 792 3163253 35631597 38 132 0.706621 1200 4700316 58989902 660 2559557 34813249 12 192842 3734844 0 0 0
1690497121890038 100 0 45 55 100 100 0 0 0 0 0 0 0 55 55 0 100 100 45 0 0 0 864742 30433 0 725 64331 18230 4216037 777172 6217 49566909 49566909 0 0 0 1.000000 65 780 3092208 34921833 37 128 0.706621 1200 4700316 58989902 660 2559557 34813249 12 192842 3734844 0 0 0
1690497121890131 100 0 45 55 100 100 0 0 0 0 0 0 0 55 55 0 100 100 45 0 0 0 864742 30433 0 725 64331 18251 4216037 777193 6217 49566909 49566909 0 0 0 1.000000 65 780 3092208 34921833 37 124 0.706621 1200 4700316 58989902 660 2559557 34813249 12 192842 3734844 0 0 0
1690497121891977 100 0 46 54 100 100 0 0 0 0 0 0 0 54 54 0 100 100 46 0 0 0 864745 30909 0 759 64397 18312 4217176 777208 6217 50667807 50667807 0 0 0 1.000000 65 780 3092208 34921833 37 116 0.684260 1200 4700316 58989902 648 2527633 34390163 12 192842 3734844 0 0 0
1690497121892473 100 0 47 53 100 100 0 0 0 0 0 0 0 53 53 0 100 100 47 0 0 0 864747 31195 0 774 64461 18337 4217222 777232 6217 51761441 51761441 0 0 0 1.000000 64 768 3022864 34225724 43 110 0.681713 1200 4700316 58989902 636 2495709 33967413 12 192842 3734844 0 0 0
1690497121896189 100 0 48 52 100 100 0 0 0 0 0 0 0 52 52 0 100 100 48 0 0 0 864750 31568 0 790 64527 18371 4220395 777253 6217 52869000 52869000 0 0 0 1.000000 65 780 3048925 34605570 117 112 0.667736 1200 4700316 58989902 624 2431593 33544602 12 192842 3734844 0 0 0
1690497121896720 100 0 49 51 100 100 0 0 0 0 0 0 0 51 51 0 100 100 49 0 0 0 864752 31881 0 805 64585 18394 4220452 777291 6217 53980327 53980327 0 0 0 1.000000 63 756 2977699 33396957 31 105 0.669567 1200 4700316 58989902 612 2303060 32651599 12 192842 3734844 0 0 0
1690497121898812 100 0 50 50 100 100 0 0 0 0 0 0 0 50 50 0 100 100 50 0 0 0 864752 32158 0 824 64656 18427 4222100 777312 6217 55078024 55078024 0 0 0 1.000000 63 756 3082187 33863533 63 101 0.659678 1200 4700316 58989902 600 2271136 32228737 12 192842 3734844 0 0 0
1690497121899421 100 0 51 49 100 100 0 0 0 0 0 0 0 49 49 0 100 100 51 0 0 0 864753 32472 0 841 64711 18455 4222245 777337 6217 56181103 56181103 0 0 0 1.000000 61 732 2984340 32790405 32 95 0.653117 1200 4700316 58989902 588 2142603 31336177 12 192842 3734844 0 0 0
1690497121902743 100 0 52 48 100 100 0 0 0 0 0 0 0 48 48 0 100 100 52 0 0 0 864756 32725 0 855 64773 18485 4225155 777359 6217 57280962 57280962 0 0 0 1.000000 64 768 3257294 35015816 282 114 0.648765 1200 4700316 58989902 576 2110679 30914505 12 192842 3734844 0 0 0
1690497121910311 100 0 53 47 100 100 0 0 0 0 0 0 0 47 47 0 100 100 53 0 0 0 864759 33009 0 870 64905 18521 4232199 777384 6217 58375640 58375640 0 0 0 1.000000 61 732 3064693 33374659 22 106 0.645878 1200 4700316 58989902 564 2078755 30493428 12 192842 3734844 0 0 0
1690497121914531 100 0 54 46 100 100 0 0 0 0 0 0 0 46 46 0 100 100 54 0 0 0 864762 33277 0 884 64967 18549 4235982 777408 6217 59469908 59469908 0 0 0 1.000000 60 720 2975033 32824876 42 100 0.643962 1200 4700316 58989902 552 2046831 30072250 12 192842 3734844 0 0 0
1690497121925345 100 0 55 45 100 100 0 0 0 0 0 0 0 45 45 0 100 100 55 0 0 0 864764 33590 0 901 65051 18581 4246295 777432 6217 60566373 60566373 0 0 0 1.000000 56 672 2776698 30634266 17 93 0.642691 1200 4700316 58989902 540 2014907 29651445 12 192842 3734844 0 0 0
1690497121927157 100 0 56 44 100 100 0 0 0 0 0 0 0 44 44 0 100 100 56 0 0 0 864764 33852 0 918 65112 18611 4247685 777458 6217 61662410 61662410 0 0 0 1.000000 53 636 2627946 28990740 18 87 0.641848 1200 4700316 58989902 528 1982983 29228877 12 192842 3734844 0 0 0
1690497121930471 100 0 57 43 100 100 0 0 0 0 0 0 0 43 43 0 100 100 57 0 0 0 864768 34164 0 933 65254 18648 4250423 777482 6217 62754278 62754278 0 0 0 1.000000 51 612 2528778 27897397 17 81 0.641289 1200 4700316 58989902 516 1951059 28806132 12 192842 3734844 0 0 0
1690497121933731 100 0 58 42 100 100 0 0 0 0 0 0 0 42 42 0 100 100 58 0 0 0 864771 34427 0 947 65311 18677 4253268 777506 6217 63853498 63853498 0 0 0 1.000000 47 564 2330443 25709329 13 75 0.640918 1200 4700316 58989902 504 1919135 28383700 12 192842 3734844 0 0 0
1690497121946011 100 0 59 41 100 100 0 0 0 0 0 0 0 41 41 0 100 100 59 0 0 0 864773 34768 0 961 65437 18712 4264974 777530 6217 64950731 64950731 0 0 0 1.000000 48 576 2348492 26255594 14 70 0.640672 1200 4700316 58989902 492 1887211 27961346 12 192842 3734844 0 0 0
1690497121957886 100 0 60 40 100 100 0 0 0 0 0 0 0 40 40 0 100 100 60 0 0 0 864774 35026 0 977 65500 18742 4276426 777558 6217 66053909 66053909 0 0 0 1.000000 48 576 2317083 26256685 333 97 0.640508 1200 4700316 58989902 480 1758583 27539337 12 192842 3734844 0 0 0
1690497121962823 100 0 61 39 100 100 0 0 0 0 0 0 0 39 39 0 100 100 61 0 0 0 864777 35384 0 992 65562 18771 4280845 777583 6217 67163852 67163852 0 0 0 1.000000 48 576 2411813 26256062 126 101 0.640400 1200 4700316 58989902 468 1663539 23804493 12 192842 3734844 0 0 0
1690497121963449 100 0 62 38 100 100 0 0 0 0 0 0 0 38 38 0 100 100 62 0 0 0 864779 35640 0 1007 65624 18796 4281061 777607 6217 68249216 68249216 0 0 0 1.000000 48 576 2442110 29502004 185 110 0.640328 1200 4700316 58989902 456 1599488 20069997 12 192842 3734844 0 0 0
1690497121964337 100 0 63 37 100 100 0 0 0 0 0 0 0 37 37 0 100 100 63 0 0 0 864780 35930 0 1022 65687 18825 4281501 777629 6217 69356334 69356334 0 0 0 1.000000 48 576 2378944 32283769 82 108 0.640280 1200 4700316 58989902 444 1567564 19646748 12 192842 3734844 0 0 0
1690497121966388 100 0 64 36 100 100 0 0 0 0 0 0 0 36 36 0 100 100 64 0 0 0 864794 36301 0 1037 65796 18857 4282946 777664 6217 70450093 70450093 0 0 0 1.000000 48 576 2317112 29040350 113 110 0.640249 1200 4700316 58989902 432 1535640 19225416 12 192842 3734844 0 0 0
1690497121968855 100 0 65 35 100 100 0 0 0 0 0 0 0 35 35 0 100 100 65 0 0 0 864796 36594 0 1066 65859 18909 4284936 777689 6217 71551990 71551990 0 0 0 1.000000 48 576 2317112 29040238 269 126 0.640228 1200 4700316 58989902 420 1503716 18803143 12 192842 3734844 0 0 0
1690497121969332 100 0 66 34 100 100 0 0 0 0 0 0 0 34 34 0 100 100 66 0 0 0 864797 36887 0 1083 65906 18932 4284981 777714 6217 72652167 72652167 0 0 0 1.000000 49 588 2365385 29646248 102 124 0.649345 1200 4700316 58989902 408 1439600 18381079 12 192842 3734844 0 0 0
1690497121971774 100 0 67 33 100 100 0 0 0 0 0 0 0 33 33 0 100 100 67 0 0 0 864798 37143 0 1098 65978 18971 4286982 777745 6217 73747715 73747715 0 0 0 1.000000 50 600 2446508 30252382 79 120 0.646263 1200 4700316 58989902 396 1407676 17959537 12 192842 3734844 0 0 0
1690497121976682 100 0 68 32 100 100 0 0 0 0 0 0 0 32 32 0 100 100 68 0 0 0 864799 37395 0 1115 66038 18999 4291484 777772 6217 74853961 74853961 0 0 0 1.000000 49 588 2397577 29646998 123 122 0.644217 1200 4700316 58989902 384 1279143 17047693 12 192842 3734844 0 0 0
1690497121977877 100 0 69 31 100 100 0 0 0 0 0 0 0 31 31 0 100 100 69 0 0 0 864803 37639 0 1129 66161 19026 4292217 777796 6217 75957545 75957545 0 0 0 1.000000 49 588 2494186 30136184 75 118 0.642861 1200 4700316 58989902 372 1247219 16626723 12 192842 3734844 0 0 0
1690497121979820 100 0 70 30 100 100 0 0 0 0 0 0 0 30 30 0 100 100 70 0 0 0 864803 37895 0 1144 66222 19054 4293748 777820 6217 77054537 77054537 0 0 0 1.000000 49 588 2494186 30134195 111 118 0.641961 1200 4700316 58989902 360 1215295 16204099 12 192842 3734844 0 0 0
1690497121982231 100 0 71 29 100 100 0 0 0 0 0 0 0 29 29 0 100 100 71 0 0 0 864807 38305 0 1200 66283 19081 4295591 777845 6217 78156558 78156558 0 0 0 1.000000 49 588 2431059 29663202 73 114 0.641363 1200 4700316 58989902 348 1183371 15783267 12 192842 3734844 0 0 0
1690497122014895 100 0 72 28 100 100 0 0 0 0 0 0 0 28 28 0 100 100 72 0 0 0 864809 38698 0 1215 66416 19116 4327613 777880 6217 79254550 79254550 0 0 0 1.000000 50 600 2480673 30266736 92 112 0.640967 1200 4700316 58989902 336 1151447 14886706 12 192842 3734844 0 0 0
1690497122025357 100 0 73 27 100 100 0 0 0 0 0 0 0 27 27 0 100 100 73 0 0 0 864809 38967 0 1230 66479 19156 4337636 777905 6217 80345682 80345682 0 0 0 1.000000 50 600 2480673 30267981 35 106 0.640704 1200 4700316 58989902 324 1119523 14465472 12 192842 3734844 0 0 0
1690497122026245 100 0 74 26 100 100 0 0 0 0 0 0 0 26 26 0 100 100 74 0 0 0 864811 39225 0 1245 66541 19194 4338100 777930 6217 81453142 81453142 0 0 0 1.000000 49 588 2431059 29661897 13 98 0.640530 1200 4700316 58989902 312 1087599 14279265 12 192842 3734844 0 0 0
1690497122028462 100 0 75 25 100 100 0 0 0 0 0 0 0 25 25 0 100 100 75 0 0 0 864835 39497 0 1263 66610 19220 4339860 777954 6217 82560499 82560499 0 0 0 1.000000 49 588 2431059 29426713 45 94 0.640414 1200 4700316 58989902 300 1055675 13856819 12 192842 3734844 0 0 0
1690497122050663 100 0 76 24 100 100 0 0 0 0 0 0 0 24 24 0 100 100 76 0 0 0 864837 40002 0 1279 66672 19249 4361392 777979 6217 83651953 83651953 0 0 0 1.000000 49 588 2431059 29426295 60 92 0.640338 1200 4700316 58989902 288 991583 13437331 12 192842 3734844 0 0 0
1690497122054018 100 0 77 23 100 100 0 0 0 0 0 0 0 23 23 0 100 100 77 0 0 0 864840 40258 0 1294 66731 19274 4364329 778003 6217 84748673 84748673 0 0 0 1.000000 50 600 2513497 30023153 170 100 0.640287 1200 4700316 58989902 276 959659 13015163 12 192842 3734844 0 0 0
1690497122060739 100 0 78 22 100 100 0 0 0 0 0 0 0 22 22 0 100 100 78 0 0 0 864843 40498 0 1308 66790 19299 4370658 778027 6217 85848866 85848866 0 0 0 1.000000 50 600 2513497 30023293 288 119 0.640253 1200 4700316 58989902 264 895543 12593988 12 192842 3734844 0 0 0
1690497122063002 100 0 79 21 100 100 0 0 0 0 0 0 0 21 21 0 100 100 79 0 0 0 864845 40770 0 1324 66852 19327 4372493 778050 6217 86949562 86949562 0 0 0 1.000000 50 600 2546346 30021274 149 123 0.640231 1200 4700316 58989902 252 863619 12171116 12 192842 3734844 0 0 0
1690497122063565 100 0 80 20 100 100 0 0 0 0 0 0 0 20 20 0 100 100 80 0 0 0 864845 41139 0 1339 66904 19350 4372547 778075 6217 88057582 88057582 0 0 0 1.000000 50 600 2546346 30021349 111 123 0.649347 1200 4700316 58989902 240 831695 11749581 12 192842 3734844 0 0 0
1690497122091788 100 0 81 19 100 100 0 0 0 0 0 0 0 19 19 0 100 100 81 0 0 0 864846 41396 0 1355 66967 19378 4400358 778097 6217 89157397 89157397 0 0 0 1.000000 50 600 2546346 30019883 304 142 0.646264 1200 4700316 58989902 228 799771 11328053 12 192842 3734844 0 0 0
1690497122228062 100 0 82 18 100 100 0 0 0 0 0 0 0 18 18 0 100 100 82 0 0 0 864848 41779 0 1371 67030 19415 4536079 778122 6217 90256439 90256439 0 0 0 1.000000 50 600 2546346 30019994 343 163 0.644218 1200 4700316 58989902 216 767847 10905859 12 192842 3734844 0 0 0
1690497122230984 100 0 83 17 100 100 0 0 0 0 0 0 0 17 17 0 100 100 83 0 0 0 864850 42033 0 1386 67096 19442 4538569 778159 6217 91360526 91360526 0 0 0 1.000000 50 600 2382144 30042298 205 168 0.642861 1200 4700316 58989902 204 735923 10483129 12 192842 3734844 0 0 0
1690497122234095 100 0 84 16 100 100 0 0 0 0 0 0 0 16 16 0 100 100 84 0 0 0 864850 42316 0 1401 67160 19475 4541228 778185 6217 92463417 92463417 0 0 0 1.000000 51 612 2364084 30154012 291 181 0.641961 1200 4700316 58989902 192 671807 10060894 12 192842 3734844 0 0 0
1690497122235129 100 0 85 15 100 100 0 0 0 0 0 0 0 15 15 0 100 100 85 0 0 0 864851 42588 0 1416 67223 19506 4541824 778212 6217 93563638 93563638 0 0 0 1.000000 51 612 2397590 30154320 243 188 0.641364 1200 4700316 58989902 180 639883 9637810 12 192842 3734844 0 0 0
1690497122237121 100 0 86 14 100 100 0 0 0 0 0 0 0 14 14 0 100 100 86 0 0 0 864853 42855 0 1432 67288 19545 4543376 778237 6217 94656888 94656888 0 0 0 1.000000 50 600 2350578 29564124 126 183 0.640967 1200 4700316 58989902 168 575832 5904275 12 192842 3734844 0 0 0
1690497122238988 100 0 87 13 100 100 0 0 0 0 0 0 0 13 13 0 100 100 87 0 0 0 864853 43116 0 1447 67354 19571 4544821 778263 6217 95756858 95756858 0 0 0 1.000000 50 600 2350512 32942272 56 171 0.640705 1200 4700316 58989902 156 447204 5482522 12 192842 3734844 0 0 0
1690497122240763 100 0 89 11 100 100 0 0 0 0 0 0 0 11 11 0 100 100 89 0 0 0 864856 44088 0 1503 67463 19596 4545413 778292 6217 97966499 97966499 0 0 0 1.000000 50 600 2416340 32942582 282 169 0.670947 1200 4700316 58989902 132 351164 4637959 12 192842 3734844 0 0 0
1690497122240861 100 0 89 11 100 100 0 0 0 0 0 0 0 11 11 0 100 100 89 0 0 0 864856 44088 0 1503 67463 19629 4545413 778317 6217 97966499 97966499 0 0 0 1.000000 50 600 2449189 32943002 146 168 0.670947 1200 4700316 58989902 132 351164 4637959 12 192842 3734844 0 0 0
1690497122244563 100 0 91 9 100 100 0 0 0 0 0 0 0 9 9 0 100 100 91 0 0 0 864857 44757 0 1535 67639 19653 4548175 778334 6217 100165583 100165583 0 0 0 1.000000 50 600 2416340 32943618 57 161 0.689055 1200 4700316 58989902 108 287316 3795414 12 192842 3734844 0 0 0
1690497122244685 100 0 91 9 100 100 0 0 0 0 0 0 0 9 9 0 100 100 91 0 0 0 864857 44757 0 1535 67639 19702 4548175 778359 6217 100165583 100165583 0 0 0 1.000000 50 600 2416340 32941920 82 158 0.689055 1200 4700316 58989902 108 287316 3795414 12 192842 3734844 0 0 0
1690497122245529 100 0 92 8 100 100 0 0 0 0 0 0 0 8 8 0 100 100 92 0 0 0 864858 45428 0 1571 67686 19723 4548211 778388 6217 101255652 101255652 0 0 0 1.000000 50 600 2416340 32941920 82 152 0.685238 1200 4700316 58989902 96 255392 3374279 12 192842 3734844 0 0 0
1690497122247174 100 0 93 7 100 100 0 0 0 0 0 0 0 7 7 0 100 100 93 0 0 0 864860 45708 0 1586 67749 19752 4549422 778409 6217 102352445 102352445 0 0 0 1.000000 50 600 2416340 32942256 41 142 0.670074 1200 4700316 58989902 84 223468 2953343 12 192842 3734844 0 0 0
1690497122248923 100 0 94 6 100 100 0 0 0 0 0 0 0 6 6 0 100 100 94 0 0 0 864861 46090 0 1601 67856 19782 4550586 778435 6217 103452825 103452825 0 0 0 1.000000 50 600 2416340 32940981 43 134 0.660015 1200 4700316 58989902 72 191544 2530847 12 192842 3734844 0 0 0
1690497122255700 100 0 95 5 100 100 0 0 0 0 0 0 0 5 5 0 100 100 95 0 0 0 864863 46352 0 1617 67921 19806 4556936 778467 6217 104552642 104552642 0 0 0 1.000000 51 612 2464667 33600052 60 128 0.653341 1200 4700316 58989902 60 159620 2109632 12 192842 3734844 0 0 0
1690497122256236 100 0 96 4 100 100 0 0 0 0 0 0 0 4 4 0 100 100 96 0 0 0 864863 46681 0 1645 67994 19828 4556984 778493 6217 105656722 105656722 0 0 0 1.000000 51 612 2464667 33598104 40 120 0.658985 1200 4700316 58989902 48 127696 1686981 12 192842 3734844 0 0 0
1690497122256707 100 0 97 3 100 100 0 0 0 0 0 0 0 3 3 0 100 100 97 0 0 0 864865 46957 0 1661 68065 19848 4557031 778515 6217 106754938 106754938 0 0 0 1.000000 50 600 2416340 32939217 45 114 0.663133 1200 4700316 58989902 36 95772 1264248 12 192842 3734844 0 0 0
1690497122261243 100 0 98 2 100 100 0 0 0 0 0 0 0 2 2 0 100 100 98 0 0 0 864866 47225 0 1677 68134 19873 4561145 778536 6217 107851644 107851644 0 0 0 1.000000 50 600 2383491 32939137 36 108 0.655410 1200 4700316 58989902 24 63848 842405 12 192842 3734844 0 0 0
1690497122276879 100 0 99 1 100 100 0 0 0 0 0 0 0 1 1 0 100 100 99 0 0 0 864870 47526 0 1692 68261 19900 4576242 778573 6217 108949364 108949364 0 0 0 1.000000 50 600 2284911 32458362 32 102 0.650286 1200 4700316 58989902 12 31924 420793 12 192842 3734844 0 0 0
1690497122457256 100 0 100 0 100 100 0 0 0 0 0 0 0 0 0 0 100 100 100 0 0 0 864874 47844 0 1708 68395 19930 4756065 778600 6217 110048418 110048418 0 0 0 1.000000 49 588 2239212 31807944 21 95 0.646887 1200 4700316 58989902 0 0 0 12 192842 3734844 0 0 0
1690497127608700 100 0 99 1 100 100 0 0 0 0 0 0 0 1 0 0 101 101 100 0 0 0 871028 47851 0 1708 68607 19963 9900608 779005 6782 110048418 110048418 0 0 0 1.000000 49 588 2142603 31336177 322 107 0.557591 1200 4700316 58989902 12 31924 186207 12 192842 3734844 0 0 0
1690497539118013 100 0 99 1 100 100 0 0 0 0 0 0 0 1 1 1 101 101 100 0 0 0 871732 48344 0 1708 140698 223083 421119908 780250 6782 389898578 110048418 0 0 0 1.000000 49 588 2142603 31336177 322 183 0.512821 1200 4700316 59020051 12 31924 186207 12 192842 3735310 0 0 0
1690497706979798 100 0 100 0 100 100 0 0 0 0 0 0 0 0 0 0 101 101 101 0 0 0 871732 48344 0 167863190 140698 223083 421119908 780250 6782 389898578 389898578 0 0 16237958500 1.000000 49 588 2142603 31336177 322 190 0.512821 1200 4700316 59020051 12 31924 186207 12 192842 3735310 0 0 0
1690497706983812 100 0 100 0 100 100 0 0 0 0 0 0 0 0 0 0 101 101 101 0 0 0 871733 167921756 0 167863190 144165 223089 421119908 780250 6782 389898578 389898578 0 0 16237958500 91.743610 49 588 2142603 31336177 322 204 0.555689 1200 4700316 59020051 0 0 0 12 192842 3735310 0 0 0
1690497706983948 100 0 100 0 100 100 0 0 0 0 0 0 0 0 0 0 101 101 101 0 0 0 871733 167921756 0 167863190 144165 223164 421119908 780270 6782 389898578 389898578 0 0 16237958500 91.743610 10 120 437266 6347085 1 194 0.555689 1200 4700316 59020051 0 0 0 12 192842 3735310 0 0 0
1690497707002966 0 0 0 0 0 100 100 100 0 0 0 0 0 0 0 0 101 101 101 0 0 0 871733 167921756 0 167863190 144165 223164 421119908 780270 6782 389898578 389898578 0 0 16237958500 91.743610 10 120 437266 6347085 1 185 0.555689 0 0 0 0 0 0 0 0 0 0 0 0
