# timestamp workers_connected workers_init workers_idle workers_busy workers_able workers_joined workers_removed workers_released workers_idled_out workers_blocked workers_slow workers_lost tasks_waiting tasks_on_workers tasks_running tasks_with_results tasks_submitted tasks_dispatched tasks_done tasks_failed tasks_cancelled tasks_exhausted_attempts time_send time_receive time_send_good time_receive_good time_status_msgs time_internal time_polling time_application time_scheduling time_execute time_execute_good time_execute_exhaustion bytes_sent bytes_received bandwidth capacity_tasks capacity_cores capacity_memory capacity_disk capacity_instantaneous capacity_weighted manager_load total_cores total_memory total_disk committed_cores committed_memory committed_disk max_cores max_memory max_disk min_cores min_memory min_disk
1690568966645516 0 0 0 0 0 0 0 0 0 0 0 0 0 0 0 0 0 0 0 0 0 0 0 0 0 0 0 0 0 0 0 0 0 0 0 0 1.000000 0 0 0 0 0 0 0.000000 0 0 0 0 0 0 0 0 0 0 0 0
1690568966649288 0 0 0 0 0 0 0 0 0 0 0 0 0 0 0 0 0 0 0 0 0 0 0 0 0 0 0 0 0 0 0 0 0 0 0 0 1.000000 10 10 5120 10240 10 10 0.000000 0 0 0 0 0 0 0 0 0 0 0 0
1690568970709924 0 0 0 0 0 0 0 0 0 0 0 0 1 0 0 0 0 0 0 0 0 0 0 0 0 0 0 0 0 0 0 0 0 0 0 0 1.000000 10 10 5120 10240 10 10 0.000000 0 0 0 0 0 0 0 0 0 0 0 0
1690568991293157 1 1 0 1 1 1 0 0 0 0 0 0 99 1 0 0 100 0 0 0 0 0 1250 85 0 0 421 46769 20526340 4068585 9 0 0 0 0 0 1.000000 10 10 5120 10240 10 10 0.473741 12 31924 423423 0 0 0 12 31924 423423 0 0 0
1690568995507706 100 0 90 10 100 100 0 0 0 0 0 0 90 10 0 0 100 10 0 0 0 0 1641367 443 0 0 56787 52760 23037697 4068585 1217265 0 0 0 0 0 0.000000 10 10 5120 10240 10 10 0.512821 1200 4308554 59033079 120 319240 4225290 12 95051 3735306 0 0 0
1690569006060011 100 0 89 11 100 100 0 0 0 0 0 0 89 11 0 0 100 10 0 0 0 0 1792534 489 0 0 56970 53257 33437177 4068984 1335302 0 0 0 0 0 0.000000 10 10 5120 10240 10 10 0.487179 1200 4308554 59033079 120 319240 4225290 12 95051 3735306 0 0 0
1690569007295163 100 0 85 15 100 100 0 0 0 0 0 0 85 15 1 0 100 14 0 0 0 0 1840299 501 0 0 57079 53413 34584597 4068984 1371555 0 0 0 0 0 0.000000 10 10 5120 10240 10 10 0.420750 1200 4308554 59033079 168 543512 5915828 12 95051 3735306 0 0 0
1690569007635778 100 0 83 17 100 100 0 0 0 0 0 0 82 17 1 0 100 18 1 0 0 0 1926444 6452 0 20 57230 53646 34872858 4068984 1406332 1529707 1529707 0 0 0 0.000000 10 10 5120 10240 10 10 0.454796 1200 4308554 59033079 204 639284 7183120 12 95051 3735306 0 0 0
1690569008893865 100 0 83 17 100 100 0 0 0 0 0 0 82 17 1 1 100 18 1 0 0 0 1971386 6459 0 20 57322 53756 36084621 4069760 1440995 3140326 1529707 0 0 0 0.000000 10 120 319240 4212680 1 10 0.470167 1200 4308554 59033079 204 639284 7183120 12 95051 3735306 0 0 0
1690569008909033 100 0 84 16 100 100 0 0 0 0 0 0 82 16 0 0 100 18 2 0 0 0 1986328 6985 0 40 57325 53803 36084621 4069760 1452546 3140326 3140326 0 0 0 0.000000 10 120 319240 4212680 1 10 0.520948 1200 4308554 59033079 192 607360 6760224 12 95051 3735306 0 0 0
1690569012621463 100 0 83 17 100 100 0 0 0 0 0 0 81 17 0 0 100 18 2 0 0 0 2045721 6999 0 40 57447 53967 39736682 4069817 1498712 3140326 3140326 0 0 0 0.000000 10 120 319240 4220820 1 10 0.492302 1200 4308554 59033079 192 607360 6760224 12 95051 3735306 0 0 0
1690569013262850 100 0 75 25 100 100 0 0 0 0 0 0 73 25 2 0 100 27 2 0 0 0 2109738 7029 0 40 57641 54266 40314084 4069817 1545497 3140326 3140326 0 0 0 0.000000 10 120 319240 4220820 1 10 0.366996 1200 4308554 59033079 300 926868 10566874 12 95051 3735306 0 0 0
1690569014243792 100 0 69 31 100 100 0 0 0 0 0 0 66 31 3 0 100 34 3 0 0 0 2204022 12078 0 80 57826 54551 41195160 4069824 1614580 4722104 4722104 0 0 0 0.000000 10 120 319240 4220820 1 10 0.420020 1200 4308554 59033079 372 1214899 16411928 12 95051 3735306 0 0 0
1690569014275337 100 0 69 31 100 100 0 0 0 0 0 0 65 31 2 0 100 35 4 0 0 0 2234747 12621 0 100 57881 54628 41195217 4069855 1637343 6164209 6164209 0 0 0 0.000000 10 120 319240 4223594 1 10 0.467498 1200 4308554 59033079 372 1214899 16411928 12 95051 3735306 0 0 0
1690569014805796 100 0 70 30 100 100 0 0 0 0 0 0 65 30 2 0 100 35 5 0 0 0 2295497 19743 0 118 57995 54738 41657494 4069897 1682564 7663464 7663464 0 0 0 0.000000 10 120 319240 4225945 1 10 0.528553 1200 4308554 59033079 360 1182975 15990496 12 95051 3735306 0 0 0
1690569014994797 100 0 67 33 100 100 0 0 0 0 0 0 61 33 2 0 100 39 6 0 0 0 2373685 25488 0 136 58125 54923 41762142 4069938 1739598 9158863 9158863 0 0 0 0.000000 10 120 319240 4223620 1 10 0.505659 1200 4308554 59033079 396 1406258 17729353 12 95051 3735306 0 0 0
1690569016411485 100 0 54 46 100 100 0 0 0 0 0 0 48 46 6 1 100 52 6 0 0 0 2519754 25513 0 136 58419 55276 43031712 4069967 1831283 10666732 9158863 0 0 0 0.000000 10 120 319240 4223250 1 10 0.352617 1200 4308554 59033079 552 1917757 26532498 12 95051 3735306 0 0 0
1690569016411989 100 0 54 46 100 100 0 0 0 0 0 0 47 46 5 0 100 53 7 0 0 0 2520053 25979 0 151 58419 55306 43031712 4069967 1831409 10666732 10666732 0 0 0 0.000000 10 120 319240 4223250 1 10 0.394950 1200 4308554 59033079 552 1917757 26532498 12 95051 3735306 0 0 0
1690569016626087 100 0 55 45 100 100 0 0 0 0 0 0 47 45 5 0 100 53 8 0 0 0 2583497 26430 0 168 58574 55416 43181529 4070025 1876181 12184753 12184753 0 0 0 0.000000 10 120 319240 4224819 1 10 0.485116 1200 4308554 59033079 540 1885833 26109067 12 95051 3735306 0 0 0
1690569016701528 100 0 55 45 100 100 0 0 0 0 0 0 46 45 4 0 100 54 9 0 0 0 2615596 26899 0 187 58635 55487 43224173 4070079 1898708 13649411 13649411 0 0 0 0.000000 10 120 319240 4226005 1 10 0.512957 1200 4308554 59033079 540 1885833 26109067 12 95051 3735306 0 0 0
1690569016755862 100 0 55 45 100 100 0 0 0 0 0 0 45 45 4 0 100 55 10 0 0 0 2663553 27715 0 225 58726 56236 43228759 4070104 1932415 16111626 16111626 0 0 0 0.000000 10 120 319240 4225108 1 10 0.532391 1200 4308554 59033079 540 1885833 26109067 12 95051 3735306 0 0 0
1690569017208393 100 0 55 45 100 100 0 0 0 0 0 0 44 45 4 0 100 56 11 0 0 0 2695742 28236 0 242 58822 56307 43648310 4070151 1955042 17667336 17667336 0 0 0 0.000000 10 120 319240 4225897 143 24 0.545971 1200 4308554 59033079 540 1885833 26109067 12 95051 3735306 0 0 0
1690569019098995 100 0 55 45 100 100 0 0 0 0 0 0 44 45 5 1 100 56 11 0 0 0 2759267 28242 0 242 58935 56367 45473362 4070185 1999787 21110724 17667336 0 0 0 0.000000 10 120 319240 4225991 1 23 0.534813 1200 4308554 59033079 540 1885833 26109067 12 95051 3735306 0 0 0
1690569019102848 100 0 55 45 100 100 0 0 0 0 0 0 43 45 4 0 100 57 12 0 0 0 2759588 33509 0 285 58935 56396 45473362 4070185 1999904 21110724 21110724 0 0 0 0.000000 10 120 319240 4225991 1 21 0.551160 1200 4308554 59033079 540 1885833 26109067 12 95051 3735306 0 0 0
1690569019619975 100 0 55 45 100 100 0 0 0 0 0 0 42 45 4 0 100 58 13 0 0 0 2808831 34130 0 303 59069 56485 45940325 4070215 2034476 24010456 24010456 0 0 0 0.000000 10 120 319240 4225609 138 33 0.556468 1200 4308554 59033079 540 1885833 26109067 12 95051 3735306 0 0 0
1690569019728581 100 0 55 45 100 100 0 0 0 0 0 0 41 45 4 0 100 59 14 0 0 0 2857073 34691 0 321 59166 56558 45999860 4070255 2068354 26513105 26513105 0 0 0 0.000000 10 120 319240 4225018 158 46 0.559813 1200 4308554 59033079 540 1885833 26109067 12 95051 3735306 0 0 0
1690569020529322 100 0 55 45 100 100 0 0 0 0 0 0 40 45 4 0 100 60 15 0 0 0 2905550 35384 0 357 59315 56646 46751097 4070281 2102477 30612746 30612746 0 0 0 0.000000 10 120 319240 4225155 145 56 0.561922 1200 4308554 59033079 540 1885833 26109067 12 95051 3735306 0 0 0
1690569022087420 100 0 49 51 100 100 0 0 0 0 0 0 34 51 7 0 100 65 15 0 0 0 2991105 35401 0 357 59490 56780 48222829 4070308 2160510 30612746 30612746 0 0 0 0.000000 10 120 319240 4225760 237 66 0.427776 1200 4308554 59033079 600 2077621 28220216 12 95051 3735306 0 0 0
1690569022370047 100 0 46 54 100 100 0 0 0 0 0 0 30 54 7 0 100 70 16 0 0 0 3028764 40592 0 376 59631 56875 48462768 4070308 2183258 32105101 32105101 0 0 0 0.000000 10 120 319240 4225760 237 84 0.430308 1200 4308554 59033079 648 2268438 30383345 12 95051 3735306 0 0 0
1690569022436771 100 0 46 54 100 100 0 0 0 0 0 0 29 54 7 0 100 71 17 0 0 0 3078297 47654 0 418 59776 56967 48472566 4070360 2216874 33661193 33661193 0 0 0 0.000000 10 120 319240 4225971 61 82 0.480301 1200 4308554 59033079 648 2268438 30383345 12 95051 3735306 0 0 0
1690569022551859 100 0 46 54 100 100 0 0 0 0 0 0 28 54 7 0 100 72 18 0 0 0 3128404 48435 0 434 59915 57042 48536465 4070385 2250860 39439214 39439214 0 0 0 0.000000 10 120 338177 4225931 1 75 0.511809 1200 4308554 59033079 648 2268438 30383345 12 95051 3735306 0 0 0
1690569023728981 100 0 42 58 100 100 0 0 0 0 0 0 24 58 9 1 100 76 18 0 0 0 3213132 48450 0 434 60150 57144 49628174 4070411 2307201 41060974 39439214 0 0 0 0.000000 10 120 337125 4226324 313 87 0.442402 1200 4308554 59033079 696 2459254 35386204 12 95051 3735306 0 0 0
1690569023729495 100 0 42 58 100 100 0 0 0 0 0 0 23 58 8 0 100 77 19 0 0 0 3213448 48881 0 449 60150 57168 49628174 4070411 2307315 41060974 41060974 0 0 0 0.000000 10 120 337125 4226324 313 110 0.471929 1200 4308554 59033079 696 2459254 35386204 12 95051 3735306 0 0 0
1690569024097815 100 0 42 58 100 100 0 0 0 0 0 0 22 58 8 0 100 78 20 0 0 0 3263691 55561 0 466 60242 57224 49939337 4070458 2340773 42695879 42695879 0 0 0 0.000000 10 120 336184 4226393 1 100 0.506533 1200 4308554 59033079 696 2459254 35386204 12 95051 3735306 0 0 0
1690569024834496 100 0 42 58 100 100 0 0 0 0 0 0 21 58 8 0 100 79 21 0 0 0 3314430 56290 0 502 60409 57307 50624225 4070482 2374547 44178895 44178895 0 0 0 0.000000 10 120 351432 4226337 64 98 0.528342 1200 4308554 59033079 696 2459254 35386204 12 95051 3735306 0 0 0
1690569025697649 100 0 42 58 100 100 0 0 0 0 0 0 20 58 8 0 100 80 22 0 0 0 3364757 62854 0 520 60554 57385 51430173 4070524 2408025 45751280 45751280 0 0 0 0.000000 10 120 349900 4226560 1 90 0.542087 1200 4308554 59033079 696 2459254 35386204 12 95051 3735306 0 0 0
1690569025874566 100 0 42 58 100 100 0 0 0 0 0 0 19 58 8 0 100 81 23 0 0 0 3415193 69435 0 562 60701 57454 51549781 4070554 2441596 52496866 52496866 0 0 0 0.000000 10 120 363139 4226502 58 88 0.550749 1200 4308554 59033079 696 2459254 35386204 12 95051 3735306 0 0 0
1690569025928450 100 0 42 58 100 100 0 0 0 0 0 0 18 58 8 0 100 82 24 0 0 0 3465626 69991 0 579 60840 57517 51552368 4070606 2475173 58678420 58678420 0 0 0 0.000000 10 120 361230 4226280 262 106 0.556209 1200 4308554 59033079 696 2459254 35386204 12 95051 3735306 0 0 0
1690569026008029 100 0 42 58 100 100 0 0 0 0 0 0 17 58 8 0 100 83 25 0 0 0 3516236 76427 0 596 60946 57568 51574661 4070643 2508832 62289177 62289177 0 0 0 0.000000 10 120 359480 4226308 342 130 0.559650 1200 4308554 59033079 696 2459254 35386204 12 95051 3735306 0 0 0
1690569026009132 100 0 42 58 100 100 0 0 0 0 0 0 16 58 7 0 100 84 26 0 0 0 3516566 77038 0 632 60966 57600 51574680 4070686 2508972 68662296 68662296 0 0 0 0.000000 10 120 357871 4226421 134 132 0.572455 1200 4308554 59033079 696 2459254 35386204 12 95051 3735306 0 0 0
1690569026992867 100 0 35 65 100 100 0 0 0 0 0 0 8 65 12 0 100 92 27 0 0 0 3621803 81557 0 660 61194 57720 52448197 4070747 2577369 71902991 71902991 0 0 0 0.000000 10 120 356385 4226094 406 159 0.463606 1200 4308554 59033079 780 2810209 38811930 12 95051 3735306 0 0 0
1690569027458636 100 0 35 65 100 100 0 0 0 0 0 0 7 65 12 0 100 93 28 0 0 0 3673394 87687 0 716 61335 57774 52855961 4070791 2611046 73637618 73637618 0 0 0 0.000000 10 120 355009 4226151 145 159 0.501287 1200 4308554 59033079 780 2810209 38811930 12 95051 3735306 0 0 0
1690569027800214 100 0 29 71 100 100 0 0 0 0 0 0 0 71 15 0 100 100 29 0 0 0 3745121 88278 0 732 61680 57905 53124632 4070840 2656568 80907382 80907382 0 0 0 0.000000 10 120 365229 4226120 67 151 0.471494 1200 4308554 59033079 852 3033945 41345703 12 95051 3735306 0 0 0
1690569027941748 100 0 30 70 100 100 0 0 0 0 0 0 0 70 14 0 100 100 30 0 0 0 3745124 95085 0 750 61757 57934 53259167 4070878 2656568 82391680 82391680 0 0 0 0.000000 10 120 363643 4226400 5999 722 0.528272 1200 4308554 59033079 840 3002021 40924271 12 95051 3735306 0 0 0
1690569027943029 100 0 32 68 100 100 0 0 0 0 0 0 0 68 12 0 100 100 32 0 0 0 3745126 96143 0 783 61837 57958 53259200 4070919 2656568 85333641 85333641 0 0 0 0.000000 10 120 371163 4226215 1 630 0.604629 1200 4308554 59033079 816 2905981 40078101 12 95051 3735306 0 0 0
1690569027943153 100 0 32 68 100 100 0 0 0 0 0 0 0 68 12 0 100 100 32 0 0 0 3745126 96143 0 783 61837 57995 53259200 4070963 2656568 85333641 85333641 0 0 0 0.000000 10 120 369540 4226301 173 608 0.604629 1200 4308554 59033079 816 2905981 40078101 12 95051 3735306 0 0 0
1690569027978544 100 0 33 67 100 100 0 0 0 0 0 0 0 67 11 0 100 100 33 0 0 0 3745129 103980 0 802 61934 58027 53286536 4071004 2656568 86853391 86853391 0 0 0 0.000000 10 120 369540 4226301 173 567 0.616597 1200 4308554 59033079 804 2874057 39656833 12 95051 3735306 0 0 0
1690569028032459 100 0 34 66 100 100 0 0 0 0 0 0 0 66 10 0 100 100 34 0 0 0 3745132 104398 0 818 62003 58060 53339861 4071030 2656568 90050244 90050244 0 0 0 0.000000 10 120 368016 4225888 97 522 0.624537 1200 4308554 59033079 792 2842133 39233732 12 95051 3735306 0 0 0
1690569028994627 100 0 35 65 100 100 0 0 0 0 0 0 0 65 12 0 100 100 35 0 0 0 3745145 104990 0 838 62467 58165 54300741 4071068 2656568 91540054 91540054 0 0 0 0.000000 10 120 366582 4226039 2532 719 0.595738 1200 4308554 59033079 780 2810209 38810301 12 95051 3735306 0 0 0
1690569029064012 100 0 36 64 100 100 0 0 0 0 0 0 0 64 11 0 100 100 36 0 0 0 3745147 105615 0 860 62578 58199 54369270 4071100 2656568 93093076 93093076 0 0 0 0.000000 10 120 365229 4226275 1095 756 0.610698 1200 4308554 59033079 768 2746093 38387570 12 95051 3735306 0 0 0
1690569029132882 100 0 37 63 100 100 0 0 0 0 0 0 0 63 10 0 100 100 37 0 0 0 3745149 106041 0 879 62733 58242 54437411 4071135 2656568 94622549 94622549 0 0 0 0.000000 10 120 372894 4226304 1 684 0.620623 1200 4308554 59033079 756 2714169 37964938 12 95051 3735306 0 0 0
1690569029179519 100 0 38 62 100 100 0 0 0 0 0 0 0 62 9 0 100 100 38 0 0 0 3745151 106512 0 897 62812 58303 54483336 4071187 2656568 101249097 101249097 0 0 0 0.000000 10 120 371444 4226304 1 618 0.627208 1200 4308554 59033079 744 2682245 37541638 12 95051 3735306 0 0 0
1690569029573321 100 0 39 61 100 100 0 0 0 0 0 0 0 61 9 0 100 100 39 0 0 0 3745155 106862 0 919 63075 58355 54876372 4071221 2656568 102765169 102765169 0 0 0 0.000000 10 120 370070 4226480 5509 1096 0.617500 1200 4308554 59033079 732 2650321 37118148 12 95051 3735306 0 0 0
1690569029693819 100 0 40 60 100 100 0 0 0 0 0 0 0 60 9 0 100 100 40 0 0 0 3745159 107170 0 940 63313 58407 54996163 4071257 2656568 104301078 104301078 0 0 0 0.000000 10 120 368767 4226696 1 990 0.612254 1200 4308554 59033079 720 2618397 36695744 12 95051 3735306 0 0 0
1690569030068178 100 0 41 59 100 100 0 0 0 0 0 0 0 59 8 0 100 100 41 0 0 0 3745182 113724 0 983 63496 71962 55350067 4071333 2656568 106886739 106886739 0 0 0 0.000000 10 120 367528 4226630 1 850 0.621655 1200 4308554 59033079 708 2554281 36273215 12 95051 3735306 0 0 0
1690569031150908 100 0 41 59 100 100 0 0 0 0 0 0 0 59 10 1 100 100 41 0 0 0 3745191 113736 0 983 63954 72017 56431811 4071467 2656568 108467413 106886739 0 0 0 0.000000 10 120 374202 4226597 109 813 0.571630 1200 4308554 59033079 708 2554281 36273215 12 95051 3735306 0 0 0
1690569031151220 100 0 42 58 100 100 0 0 0 0 0 0 0 58 9 0 100 100 42 0 0 0 3745192 114258 0 1005 63958 72047 56431811 4071467 2656568 108467413 108467413 0 0 0 0.000000 10 120 374202 4226597 109 745 0.603590 1200 4308554 59033079 696 2522357 35851484 12 95051 3735306 0 0 0
1690569031204350 100 0 43 57 100 100 0 0 0 0 0 0 0 57 8 0 100 100 43 0 0 0 3745195 114581 0 1028 64059 72082 56484373 4071522 2656568 109999050 109999050 0 0 0 0.000000 10 120 372894 4226376 1 673 0.615908 1200 4308554 59033079 684 2490433 35429415 12 95051 3735306 0 0 0
1690569032196297 100 0 44 56 100 100 0 0 0 0 0 0 0 56 10 0 100 100 44 0 0 0 3745204 114974 0 1062 64763 72246 57474884 4071583 2656568 111419622 111419622 0 0 0 0.000000 10 120 371646 4226244 1 609 0.592645 1200 4308554 59033079 672 2426382 31694458 12 95051 3735306 0 0 0
1690569032341848 100 0 45 55 100 100 0 0 0 0 0 0 0 55 9 0 100 100 45 0 0 0 3745209 115291 0 1082 64859 72300 57619877 4071617 2656568 112936593 112936593 0 0 0 0.000000 10 120 377757 4979047 1 551 0.608646 1200 4308554 59033079 660 2362266 31272682 12 95051 3735306 0 0 0
1690569032759807 100 0 46 54 100 100 0 0 0 0 0 0 0 54 8 0 100 100 46 0 0 0 3745212 115599 0 1106 65028 72353 58037184 4071667 2656568 114484429 114484429 0 0 0 0.000000 10 120 383610 4962129 1 498 0.613064 1200 4308554 59033079 648 2330342 30851280 12 95051 3735306 0 0 0
1690569032768509 100 0 47 53 100 100 0 0 0 0 0 0 0 53 7 0 100 100 47 0 0 0 3745215 122401 0 1133 65109 72384 58038845 4071728 2656568 121232348 121232348 0 0 0 0.000000 10 120 382211 4945866 1 451 0.629377 1200 4308554 59033079 636 2298418 30428366 12 95051 3735306 0 0 0
1690569033446681 100 0 48 52 100 100 0 0 0 0 0 0 0 52 8 0 100 100 48 0 0 0 3745227 122765 0 1163 65554 72465 58716005 4071774 2656568 122755192 122755192 0 0 0 0.000000 10 120 380871 4930617 537 461 0.606989 1200 4308554 59033079 624 2266494 30006925 12 95051 3735306 0 0 0
1690569033485608 100 0 49 51 100 100 0 0 0 0 0 0 0 51 7 0 100 100 49 0 0 0 3745230 123345 0 1186 65643 72524 58754101 4071811 2656568 130364937 130364937 0 0 0 0.000000 10 120 379587 4915696 1 417 0.618163 1200 4308554 59033079 612 2234570 29584785 12 95051 3735306 0 0 0
1690569033487912 100 0 50 50 100 100 0 0 0 0 0 0 0 50 6 0 100 100 50 0 0 0 3745232 123802 0 1211 65735 72564 58755708 4071851 2656568 137923275 137923275 0 0 0 0.000000 10 120 378355 4901526 5654 928 0.625575 1200 4308554 59033079 600 2202646 29162092 12 95051 3735306 0 0 0
1690569033696529 100 0 51 49 100 100 0 0 0 0 0 0 0 49 6 0 100 100 51 0 0 0 3745235 124124 0 1235 66016 72619 58963566 4071888 2656568 139446875 139446875 0 0 0 0.000000 10 120 378355 4901817 6477 1470 0.616617 1200 4308554 59033079 588 2170722 28738543 12 95051 3735306 0 0 0
1690569033699381 100 0 52 48 100 100 0 0 0 0 0 0 0 48 5 0 100 100 52 0 0 0 3745239 124710 0 1256 66207 72684 58965474 4071923 2656568 147135631 147135631 0 0 0 0.000000 10 120 378355 4901950 1 1328 0.624550 1200 4308554 59033079 576 2138798 28316750 12 95051 3735306 0 0 0
1690569033706760 100 0 53 47 100 100 0 0 0 0 0 0 0 47 4 0 100 100 53 0 0 0 3745241 125158 0 1282 66293 72734 58972170 4071969 2656568 153848410 153848410 0 0 0 0.000000 10 120 378355 4901722 4977 1685 0.629813 1200 4308554 59033079 564 2106874 27893987 12 95051 3735306 0 0 0
1690569034487995 100 0 54 46 100 100 0 0 0 0 0 0 0 46 3 0 100 100 54 0 0 0 3745242 125483 0 1302 66386 72772 59752862 4072003 2656568 155345185 155345185 0 0 0 0.000000 10 120 378355 4901612 5618 2069 0.633305 1200 4308554 59033079 552 2074950 27470955 12 95051 3735306 0 0 0
1690569034627813 100 0 55 45 100 100 0 0 0 0 0 0 0 45 3 0 100 100 55 0 0 0 3745246 125798 0 1321 66721 72847 59891836 4072054 2656568 156873232 156873232 0 0 0 0.000000 10 120 378355 4901939 1 1868 0.620794 1200 4308554 59033079 540 2043026 27048962 12 95051 3735306 0 0 0
1690569034684338 100 0 56 44 100 100 0 0 0 0 0 0 0 44 2 0 100 100 56 0 0 0 3745248 126237 0 1341 66835 72883 59947659 4072101 2656568 162690444 162690444 0 0 0 0.000000 10 120 378355 4901909 1 1687 0.627321 1200 4308554 59033079 528 2011102 26625715 12 95051 3735306 0 0 0
1690569035071859 100 0 57 43 100 100 0 0 0 0 0 0 0 43 6 0 100 100 57 0 0 0 3745268 126763 0 1366 67824 73020 60333383 4072141 2656568 164182845 164182845 0 0 0 0.000000 10 120 378355 4901873 1 1523 0.582921 1200 4308554 59033079 516 1979178 26203482 12 95051 3735306 0 0 0
1690569036136224 100 0 57 43 100 100 0 0 0 0 0 0 0 43 11 1 100 100 57 0 0 0 3745297 126780 0 1366 68692 73108 61396431 4072189 2656568 165712938 164182845 0 0 0 0.000000 10 120 378355 4901628 1 1447 0.533289 1200 4308554 59033079 516 1979178 26203482 12 95051 3735306 0 0 0
1690569036136486 100 0 58 42 100 100 0 0 0 0 0 0 0 42 10 0 100 100 58 0 0 0 3745297 127167 0 1391 68696 73142 61396431 4072189 2656568 165712938 165712938 0 0 0 0.000000 10 120 378355 4901628 1 1307 0.572361 1200 4308554 59033079 504 1915062 25781739 12 95051 3735306 0 0 0
1690569036317044 100 0 59 41 100 100 0 0 0 0 0 0 0 41 9 0 100 100 59 0 0 0 3745300 127485 0 1411 68812 73191 61576391 4072244 2656568 167215861 167215861 0 0 0 0.000000 10 120 384925 4901618 1 1180 0.595190 1200 4308554 59033079 492 1883138 25358654 12 95051 3735306 0 0 0
1690569036334885 100 0 60 40 100 100 0 0 0 0 0 0 0 40 8 0 100 100 60 0 0 0 3745304 127796 0 1430 68956 73232 61593612 4072301 2656568 168738613 168738613 0 0 0 0.000000 10 120 384925 4901574 1 1066 0.610335 1200 4308554 59033079 480 1819022 24935156 12 95051 3735306 0 0 0
1690569036336907 100 0 61 39 100 100 0 0 0 0 0 0 0 39 7 0 100 100 61 0 0 0 3745307 128261 0 1479 69090 73278 61594894 4072338 2656568 170258870 170258870 0 0 0 0.000000 10 120 391495 4901738 1 963 0.620382 1200 4308554 59033079 468 1787098 24512034 12 95051 3735306 0 0 0
1690569036524407 100 0 62 38 100 100 0 0 0 0 0 0 0 38 6 0 100 100 62 0 0 0 3745309 128555 0 1497 69226 73312 61781830 4072373 2656568 171781800 171781800 0 0 0 0.000000 10 120 391495 4901939 1 870 0.627048 1200 4308554 59033079 456 1755174 24090191 12 95051 3735306 0 0 0
1690569036527891 100 0 63 37 100 100 0 0 0 0 0 0 0 37 5 0 100 100 63 0 0 0 3745310 128859 0 1516 69316 73345 61784774 4072434 2656568 173301250 173301250 0 0 0 0.000000 10 120 391495 4901949 1 786 0.631470 1200 4308554 59033079 444 1723250 23667876 12 95051 3735306 0 0 0
1690569036950843 100 0 64 36 100 100 0 0 0 0 0 0 0 36 6 0 100 100 64 0 0 0 3745320 129223 0 1535 69742 73417 62206748 4072479 2656568 174786079 174786079 0 0 0 0.000000 10 120 391495 4901872 1 710 0.607910 1200 4308554 59033079 432 1659158 23246703 12 95051 3735306 0 0 0
1690569037094370 100 0 65 35 100 100 0 0 0 0 0 0 0 35 6 0 100 100 65 0 0 0 3745324 129543 0 1559 69969 73474 62349572 4072515 2656568 176327816 176327816 0 0 0 0.000000 10 120 398060 4901413 1 642 0.607072 1200 4308554 59033079 420 1627234 22825025 12 95051 3735306 0 0 0
1690569037120594 100 0 66 34 100 100 0 0 0 0 0 0 0 34 5 0 100 100 66 0 0 0 3745328 129908 0 1579 70083 73508 62375194 4072549 2656568 177859909 177859909 0 0 0 0.000000 10 120 398060 4901160 1 580 0.618218 1200 4308554 59033079 408 1532183 21931252 12 95051 3735306 0 0 0
1690569037143881 100 0 67 33 100 100 0 0 0 0 0 0 0 33 4 0 100 100 67 0 0 0 3745329 130210 0 1603 70176 73539 62397952 4072598 2656568 179357982 179357982 0 0 0 0.000000 10 120 404373 4997333 1 525 0.625612 1200 4308554 59033079 396 1500259 21507916 12 95051 3735306 0 0 0
1690569037147965 100 0 68 32 100 100 0 0 0 0 0 0 0 32 3 0 100 100 68 0 0 0 3745331 130553 0 1622 70329 73586 62401384 4072651 2656568 180862263 180862263 0 0 0 0.000000 10 120 404373 4997340 1 475 0.630517 1200 4308554 59033079 384 1468335 21084957 12 95051 3735306 0 0 0
1690569038381976 100 0 68 32 100 100 0 0 0 0 0 0 0 32 13 1 100 100 68 0 0 0 3745380 130606 0 1622 71982 73763 63633110 4072716 2656568 182371385 180862263 0 0 0 0.000000 10 120 404373 4997380 1 452 0.525140 1200 4308554 59033079 384 1468335 21084957 12 95051 3735306 0 0 0
1690569038382227 100 0 69 31 100 100 0 0 0 0 0 0 0 31 12 0 100 100 69 0 0 0 3745381 130996 0 1646 71986 73786 63633110 4072716 2656568 182371385 182371385 0 0 0 0.000000 10 120 404373 4997380 1 409 0.565724 1200 4308554 59033079 372 1436411 20663702 12 95051 3735306 0 0 0
1690569038410253 100 0 70 30 100 100 0 0 0 0 0 0 0 30 11 0 100 100 70 0 0 0 3745386 131313 0 1675 72085 73834 63660581 4072751 2656568 183901205 183901205 0 0 0 0.000000 10 120 397803 4997120 1 370 0.590786 1200 4308554 59033079 360 1404487 20240945 12 95051 3735306 0 0 0
1690569038595657 100 0 71 29 100 100 0 0 0 0 0 0 0 29 10 0 100 100 71 0 0 0 3745389 131695 0 1694 72224 73892 63845308 4072796 2656568 185427450 185427450 0 0 0 0.000000 10 120 397803 4997050 1 335 0.607413 1200 4308554 59033079 348 1340371 19817533 12 95051 3735306 0 0 0
1690569038727327 100 0 72 28 100 100 0 0 0 0 0 0 0 28 9 0 100 100 72 0 0 0 3745389 132012 0 1714 72330 73925 63976418 4072846 2656568 186924477 186924477 0 0 0 0.000000 10 120 397803 4997230 1 304 0.618444 1200 4308554 59033079 336 1308447 19396238 12 95051 3735306 0 0 0
1690569038741066 100 0 73 27 100 100 0 0 0 0 0 0 0 27 8 0 100 100 73 0 0 0 3745394 132353 0 1736 72471 73965 63989516 4072897 2656568 188467894 188467894 0 0 0 0.000000 10 120 397803 4997058 1 275 0.625762 1200 4308554 59033079 324 1276523 18972697 12 95051 3735306 0 0 0
1690569038759775 100 0 74 26 100 100 0 0 0 0 0 0 0 26 7 0 100 100 74 0 0 0 3745398 132676 0 1754 72624 74003 64007582 4072948 2656568 189999818 189999818 0 0 0 0.000000 10 120 397803 4997231 1 249 0.630617 1200 4308554 59033079 312 1244599 18549656 12 95051 3735306 0 0 0
1690569038875307 100 0 75 25 100 100 0 0 0 0 0 0 0 25 6 0 100 100 75 0 0 0 3745402 132992 0 1773 72777 74051 64122499 4072986 2656568 191473849 191473849 0 0 0 0.000000 10 120 397803 4997257 1 226 0.633838 1200 4308554 59033079 300 1212675 18127213 12 95051 3735306 0 0 0
1690569038906192 100 0 76 24 100 100 0 0 0 0 0 0 0 24 5 0 100 100 76 0 0 0 3745404 133305 0 1795 72868 74085 64152845 4073037 2656568 192973255 192973255 0 0 0 0.000000 10 120 397803 4997389 1 205 0.635975 1200 4308554 59033079 288 1180751 17704124 12 95051 3735306 0 0 0
1690569038923646 100 0 77 23 100 100 0 0 0 0 0 0 0 23 4 0 100 100 77 0 0 0 3745406 133599 0 1815 72962 74116 64169791 4073072 2656568 194493314 194493314 0 0 0 0.000000 10 120 397803 4997456 1 186 0.637392 1200 4308554 59033079 276 1116635 17280413 12 95051 3735306 0 0 0
1690569039284260 100 0 78 22 100 100 0 0 0 0 0 0 0 22 3 0 100 100 78 0 0 0 3745407 133889 0 1836 73049 74149 64529859 4073153 2656568 195950207 195950207 0 0 0 0.000000 10 120 397803 4997697 1 169 0.638333 1200 4308554 59033079 264 1052584 13546422 12 95051 3735306 0 0 0
1690569039287522 100 0 79 21 100 100 0 0 0 0 0 0 0 21 2 0 100 100 79 0 0 0 3745409 134291 0 1854 73137 74182 64532493 4073210 2656568 197415261 197415261 0 0 0 0.000000 10 120 404360 5673323 1 153 0.638957 1200 4308554 59033079 252 988492 13126472 12 95051 3735306 0 0 0
1690569039357086 100 0 80 20 100 100 0 0 0 0 0 0 0 20 1 0 100 100 80 0 0 0 3745412 134594 0 1873 73287 74220 64601454 4073257 2656568 198946296 198946296 0 0 0 0.000000 10 120 410925 5673021 1 139 0.639371 1200 4308554 59033079 240 956568 12703739 12 95051 3735306 0 0 0
1690569039601182 100 0 81 19 100 100 0 0 0 0 0 0 0 19 0 0 100 100 81 0 0 0 3745417 134942 0 1892 73454 74264 64844867 4073307 2656568 200438597 200438597 0 0 0 0.000000 10 120 404355 5672910 1 127 0.639645 1200 4308554 59033079 228 924644 12281556 12 95051 3735306 0 0 0
1690569041447149 100 0 81 19 100 100 0 0 0 0 0 0 0 19 3 1 100 100 81 0 0 0 3745426 134951 0 1892 107616 74327 66656175 4073344 2656568 201938615 200438597 0 0 0 0.000000 10 120 404355 5672765 1 121 0.568639 1200 4308554 59033079 228 924644 12281556 12 95051 3735306 0 0 0
1690569041448341 100 0 82 18 100 100 0 0 0 0 0 0 0 18 2 0 100 100 82 0 0 0 3745426 136426 0 1943 107620 74352 66656175 4073344 2656568 201938615 201938615 0 0 0 0.000000 10 120 404355 5672765 1 110 0.601154 1200 4308554 59033079 216 892720 11857999 12 95051 3735306 0 0 0
1690569041952587 100 0 83 17 100 100 0 0 0 0 0 0 0 17 1 0 100 100 83 0 0 0 3745429 136714 0 1960 107776 74380 67159851 4073381 2656568 203467399 203467399 0 0 0 0.000000 10 120 404355 5673232 1 100 0.614292 1200 4308554 59033079 204 828604 11435851 12 95051 3735306 0 0 0
1690569042130327 100 0 84 16 100 100 0 0 0 0 0 0 0 16 0 0 100 100 84 0 0 0 3745430 137159 0 1982 107859 74436 67336906 4073432 2656568 204981298 204981298 0 0 0 0.000000 10 120 410925 5673037 1 92 0.623007 1200 4308554 59033079 192 796680 11013130 12 95051 3735306 0 0 0
1690569043852246 100 0 84 16 100 100 0 0 0 0 0 0 0 16 6 1 100 100 84 0 0 0 3745443 137172 0 1982 108564 74500 69057780 4073477 2656568 206441098 204981298 0 0 0 0.000000 10 120 410925 5672893 1 88 0.539026 1200 4308554 59033079 192 796680 11013130 12 95051 3735306 0 0 0
1690569043852437 100 0 85 15 100 100 0 0 0 0 0 0 0 15 5 0 100 100 85 0 0 0 3745443 137485 0 1997 108567 74519 69057780 4073477 2656568 206441098 206441098 0 0 0 0.000000 10 120 410925 5672893 1 80 0.577034 1200 4308554 59033079 180 764756 10591588 12 95051 3735306 0 0 0
1690569044531710 100 0 86 14 100 100 0 0 0 0 0 0 0 14 7 0 100 100 86 0 0 0 3745454 137885 0 2017 109071 74587 69735983 4073505 2656568 207931972 207931972 0 0 0 0.000000 10 120 404355 5672650 1 74 0.578709 1200 4308554 59033079 168 700664 10171768 12 95051 3735306 0 0 0
1690569044554115 100 0 87 13 100 100 0 0 0 0 0 0 0 13 6 0 100 100 87 0 0 0 3745458 138195 0 2036 109164 74640 69757820 4073556 2656568 209437704 209437704 0 0 0 0.000000 10 120 410920 5672076 1 68 0.599401 1200 4308554 59033079 156 668740 9749119 12 95051 3735306 0 0 0
1690569044565436 100 0 88 12 100 100 0 0 0 0 0 0 0 12 5 0 100 100 88 0 0 0 3745463 141193 0 2055 109333 74682 69765837 4073592 2656568 210954469 210954469 0 0 0 0.000000 10 120 410920 5671943 1 62 0.613128 1200 4308554 59033079 144 636816 9327238 12 95051 3735306 0 0 0
1690569044569535 100 0 89 11 100 100 0 0 0 0 0 0 0 11 4 0 100 100 89 0 0 0 3745466 141492 0 2075 109481 74712 69769369 4073629 2656568 212481096 212481096 0 0 0 0.000000 10 120 410920 5671615 1 57 0.622236 1200 4308554 59033079 132 604892 8904040 12 95051 3735306 0 0 0
1690569045306607 100 0 90 10 100 100 0 0 0 0 0 0 0 10 3 0 100 100 90 0 0 0 3745468 141888 0 2096 109626 74742 70505773 4073677 2656568 214522973 214522973 0 0 0 0.000000 10 120 410920 5671777 1 53 0.628277 1200 4308554 59033079 120 540776 8482400 12 95051 3735306 0 0 0
1690569045784758 100 0 91 9 100 100 0 0 0 0 0 0 0 9 3 0 100 100 91 0 0 0 3745471 142183 0 2114 109873 74811 70983221 4073713 2656568 216031513 216031513 0 0 0 0.000000 10 120 410920 5671595 1 49 0.618078 1200 4308554 59033079 108 508852 8059560 12 95051 3735306 0 0 0
1690569045803014 100 0 92 8 100 100 0 0 0 0 0 0 0 8 2 0 100 100 92 0 0 0 3745475 142541 0 2138 110024 74847 71000810 4073771 2656568 217564496 217564496 0 0 0 0.000000 10 120 410920 5671822 1 45 0.625519 1200 4308554 59033079 96 476928 7635941 12 95051 3735306 0 0 0
1690569045808095 100 0 93 7 100 100 0 0 0 0 0 0 0 7 1 0 100 100 93 0 0 0 3745478 142841 0 2158 110126 74876 71005308 4073839 2656568 219093645 219093645 0 0 0 0.000000 10 120 410920 5672138 1 41 0.630456 1200 4308554 59033079 84 381883 6742028 12 95051 3735306 0 0 0
1690569046996881 100 0 93 7 100 100 0 0 0 0 0 0 0 7 1 1 100 100 93 0 0 0 3745491 142845 0 2158 110218 74892 72193702 4073884 2656568 220588570 219093645 0 0 0 0.000000 10 120 417245 5092333 1 39 0.599293 1200 4308554 59033079 84 381883 6742028 12 95051 3735306 0 0 0
1690569046997161 100 0 94 6 100 100 0 0 0 0 0 0 0 6 0 0 100 100 94 0 0 0 3745492 143225 0 2182 110222 74921 72193702 4073884 2656568 220588570 220588570 0 0 0 0.000000 10 120 417245 5092333 1 37 0.626122 1200 4308554 59033079 72 286839 3006722 12 95051 3735306 0 0 0
1690569050104021 100 0 94 6 100 100 0 0 0 0 0 0 0 6 6 1 100 100 94 0 0 0 3745512 143242 0 2182 111348 75016 75299036 4073917 2656568 222061626 220588570 0 0 0 0.000000 10 120 423557 5768564 1 36 0.534768 1200 4308554 59033079 72 286839 3006722 12 95051 3735306 0 0 0
1690569050104302 100 0 95 5 100 100 0 0 0 0 0 0 0 5 5 0 100 100 95 0 0 0 3745512 143653 0 2215 111351 75038 75299036 4073917 2656568 222061626 222061626 0 0 0 0.000000 10 120 423557 5768564 1 34 0.573566 1200 4308554 59033079 60 254915 2583358 12 95051 3735306 0 0 0
1690569050127652 100 0 96 4 100 100 0 0 0 0 0 0 0 4 4 0 100 100 96 0 0 0 3745515 144064 0 2233 111526 75084 75321652 4073969 2656568 223552660 223552660 0 0 0 0.000000 10 120 423557 5768964 1 32 0.595989 1200 4308554 59033079 48 190823 2162039 12 95051 3735306 0 0 0
1690569050158995 100 0 97 3 100 100 0 0 0 0 0 0 0 3 3 0 100 100 97 0 0 0 3745515 144390 0 2252 111619 75119 75352459 4074003 2656568 225078231 225078231 0 0 0 0.000000 10 120 430122 5768639 1 30 0.610865 1200 4308554 59033079 36 95772 1268740 12 95051 3735306 0 0 0
1690569051186047 100 0 97 3 100 100 0 0 0 0 0 0 0 3 3 1 100 100 97 0 0 0 3745519 144394 0 2252 111786 75133 76379029 4074061 2656568 226570245 225078231 0 0 0 0.000000 10 120 443005 5864936 1 29 0.584892 1200 4308554 59033079 36 95772 1268740 12 95051 3735306 0 0 0
1690569051186307 100 0 98 2 100 100 0 0 0 0 0 0 0 2 2 0 100 100 98 0 0 0 3745520 144802 0 2276 111789 75153 76379029 4074061 2656568 226570245 226570245 0 0 0 0.000000 10 120 443005 5864936 1 27 0.614392 1200 4308554 59033079 24 63848 845411 12 95051 3735306 0 0 0
1690569051201212 100 0 99 1 100 100 0 0 0 0 0 0 0 1 1 0 100 100 99 0 0 0 3745523 145107 0 2299 111880 75182 76393427 4074096 2656568 228074447 228074447 0 0 0 0.000000 10 120 443005 5865179 1 25 0.623074 1200 4308554 59033079 12 31924 423557 12 95051 3735306 0 0 0
1690569051217136 100 0 100 0 100 100 0 0 0 0 0 0 0 0 0 0 100 100 100 0 0 0 3745537 145422 0 2323 111971 75214 76408788 4074145 2656568 229599829 229599829 0 0 0 0.000000 10 120 443005 5865008 1 23 0.628834 1200 4308554 59033079 0 0 0 12 95051 3735306 0 0 0
1690569051331931 100 0 28 72 100 100 0 0 0 0 0 0 27 72 71 0 200 173 101 0 0 0 3798939 145865 0 2342 113557 88650 76446709 4082055 2665866 229700454 229700454 0 0 0 0.000000 10 120 443005 5865009 1 21 0.185115 1200 4308554 59033079 864 3065869 41769126 12 95051 3735306 0 0 0
1690569051346014 100 0 28 72 100 100 0 0 0 0 0 0 26 72 71 0 200 174 102 0 0 0 3812160 146371 0 2357 113610 88809 76446757 4082109 2665977 229801762 229801762 0 0 0 0.000000 10 120 443005 5865009 122 32 0.278732 1200 4308554 59033079 864 3065869 41769126 12 95051 3735306 0 0 0
1690569051349017 100 0 28 72 100 100 0 0 0 0 0 0 25 72 70 0 200 175 103 0 0 0 3814501 146813 0 2376 113610 88901 76446819 4082133 2666087 229911425 229911425 0 0 0 0.000000 10 120 443005 5864704 9 30 0.331603 1200 4308554 59033079 864 3065869 41769126 12 95051 3735306 0 0 0
1690569051372775 100 0 29 71 100 100 0 0 0 0 0 0 25 71 71 0 200 175 104 0 0 0 3837595 147078 0 2391 113714 89053 76446896 4082157 2666087 230029318 230029318 0 0 0 0.000000 10 120 443005 5864378 23 30 0.422478 1200 4308554 59033079 852 3001818 38034169 12 95051 3735306 0 0 0
1690569051385212 100 0 30 70 100 100 0 0 0 0 0 0 25 70 70 0 200 175 105 0 0 0 3849247 147519 0 2419 113865 89159 76446917 4082182 2666087 230136358 230136358 0 0 0 0.000000 10 120 449562 6540493 167 44 0.482104 1200 4308554 59033079 840 2937702 37610895 12 95051 3735306 0 0 0
1690569051398038 100 0 31 69 100 100 0 0 0 0 0 0 25 69 69 0 200 175 106 0 0 0 3861253 147999 0 2435 114016 89240 76446951 4082217 2666087 230270250 230270250 0 0 0 0.000000 10 120 456131 6540498 16 42 0.530671 1200 4308554 59033079 828 2905778 37189454 12 95051 3735306 0 0 0
1690569051410463 100 0 32 68 100 100 0 0 0 0 0 0 25 68 68 0 200 175 107 0 0 0 3873029 148279 0 2455 114185 89321 76446983 4082261 2666087 230391877 230391877 0 0 0 0.000000 10 120 456131 6540337 9 40 0.570228 1200 4308554 59033079 816 2873854 36767271 12 95051 3735306 0 0 0
1690569051422844 100 0 33 67 100 100 0 0 0 0 0 0 25 67 67 0 200 175 108 0 0 0 3884719 148658 0 2474 114315 89421 76447003 4082283 2666087 230524449 230524449 0 0 0 0.000000 10 120 449562 6540426 13 38 0.602448 1200 4308554 59033079 804 2841930 36344550 12 95051 3735306 0 0 0
1690569051435410 100 0 34 66 100 100 0 0 0 0 0 0 25 66 66 0 200 175 109 0 0 0 3896243 149336 0 2508 114461 89541 76447022 4082321 2666087 230682220 230682220 0 0 0 0.000000 10 120 449562 6540352 13 36 0.628692 1200 4308554 59033079 792 2810006 35921186 12 95051 3735306 0 0 0
1690569051447314 100 0 35 65 100 100 0 0 0 0 0 0 25 65 65 0 200 175 110 0 0 0 3907633 149671 0 2533 114483 89620 76447041 4082342 2666087 230839362 230839362 0 0 0 0.000000 10 120 442992 6540325 42 38 0.650067 1200 4308554 59033079 780 2714955 35027887 12 95051 3735306 0 0 0
1690569051459341 100 0 36 64 100 100 0 0 0 0 0 0 25 64 64 0 200 175 111 0 0 0 3919110 150048 0 2550 114506 89693 76447060 4082363 2666087 230996356 230996356 0 0 0 0.000000 10 120 455875 6636279 10 36 0.667477 1200 4308554 59033079 768 2650839 34606111 12 95051 3735306 0 0 0
1690569051471527 100 0 37 63 100 100 0 0 0 0 0 0 25 63 63 0 200 175 112 0 0 0 3930587 150568 0 2569 114527 89782 76447078 4082383 2666087 231129992 231129992 0 0 0 0.000000 10 120 462445 6636266 5 34 0.681658 1200 4308554 59033079 756 2618915 34183152 12 95051 3735306 0 0 0
1690569051473902 100 0 37 63 100 100 0 0 0 0 0 0 24 63 62 0 200 176 113 0 0 0 3932114 151206 0 2618 114567 89869 76447098 4082407 2666197 231332952 231332952 0 0 0 0.000000 10 120 462445 6636397 2 32 0.677062 1200 4308554 59033079 756 2618915 34183152 12 95051 3735306 0 0 0
1690569051476293 100 0 37 63 100 100 0 0 0 0 0 0 23 63 61 0 200 177 114 0 0 0 3934007 151540 0 2645 114567 89941 76447118 4082429 2666308 231522319 231522319 0 0 0 0.000000 10 120 462449 6636674 17 32 0.673121 1200 4308554 59033079 756 2618915 34183152 12 95051 3735306 0 0 0
1690569051488206 100 0 38 62 100 100 0 0 0 0 0 0 23 62 61 0 200 177 115 0 0 0 3945346 151895 0 2660 114605 90016 76447150 4082461 2666308 231680832 231680832 0 0 0 0.000000 10 120 462449 6636922 14 32 0.686255 1200 4308554 59033079 744 2554799 33759654 12 95051 3735306 0 0 0
1690569051500071 100 0 39 61 100 100 0 0 0 0 0 0 23 61 61 0 200 177 116 0 0 0 3956662 152254 0 2676 114630 90088 76447181 4082482 2666308 231807896 231807896 0 0 0 0.000000 10 120 456136 6540948 4 30 0.696953 1200 4308554 59033079 732 2490707 33338335 12 95051 3735306 0 0 0
1690569051502004 100 0 39 61 100 100 0 0 0 0 0 0 22 61 60 0 200 178 117 0 0 0 3958036 152663 0 2692 114630 90157 76447200 4082502 2666419 231961876 231961876 0 0 0 0.000000 10 120 462701 6540536 2 28 0.690175 1200 4308554 59033079 732 2490707 33338335 12 95051 3735306 0 0 0
1690569051513939 100 0 40 60 100 100 0 0 0 0 0 0 22 60 59 0 200 178 118 0 0 0 3969332 153134 0 2719 114633 90228 76447236 4082523 2666419 232096494 232096494 0 0 0 0.000000 10 120 462701 6540496 2 26 0.700145 1200 4308554 59033079 720 2458783 32917080 12 95051 3735306 0 0 0
1690569051517457 100 0 40 60 100 100 0 0 0 0 0 0 21 60 59 0 200 179 119 0 0 0 3971982 153774 0 2754 114653 90356 76447256 4082544 2666554 232224903 232224903 0 0 0 0.000000 10 120 462701 6540496 2 24 0.692912 1200 4308554 59033079 720 2458783 32917080 12 95051 3735306 0 0 0
1690569051529507 100 0 41 59 100 100 0 0 0 0 0 0 21 59 58 0 200 179 120 0 0 0 3983551 154092 0 2770 114657 90425 76447287 4082565 2666554 232357851 232357851 0 0 0 0.000000 10 120 462701 6540566 1 22 0.702375 1200 4308554 59033079 708 2426859 32493958 12 95051 3735306 0 0 0
1690569051541752 100 0 42 58 100 100 0 0 0 0 0 0 21 58 58 0 200 179 121 0 0 0 3994915 154716 0 2806 114682 90566 76447306 4082599 2666554 232499838 232499838 0 0 0 0.000000 10 120 456131 6540507 2 21 0.710083 1200 4308554 59033079 696 2394935 32070409 12 95051 3735306 0 0 0
1690569051553700 100 0 43 57 100 100 0 0 0 0 0 0 21 57 57 0 200 179 122 0 0 0 4006275 155157 0 2821 114684 90635 76447324 4082618 2666554 232634477 232634477 0 0 0 0.000000 10 120 456131 6540967 2 21 0.716360 1200 4308554 59033079 684 2363011 31647324 12 95051 3735306 0 0 0
1690569051565810 100 0 44 56 100 100 0 0 0 0 0 0 21 56 56 0 200 179 123 0 0 0 4017671 155702 0 2839 114687 90720 76447343 4082638 2666554 232767346 232767346 0 0 0 0.000000 10 120 456131 6540874 1 20 0.721474 1200 4308554 59033079 672 2331087 31223767 12 95051 3735306 0 0 0
1690569051566997 100 0 44 56 100 100 0 0 0 0 0 0 20 56 55 0 200 180 124 0 0 0 4017978 156407 0 2877 114687 90813 76447363 4082662 2666669 232881078 232881078 0 0 0 0.000000 10 120 456131 6540979 1 20 0.711199 1200 4308554 59033079 672 2331087 31223767 12 95051 3735306 0 0 0
1690569051579078 100 0 45 55 100 100 0 0 0 0 0 0 20 55 54 0 200 180 125 0 0 0 4029391 156903 0 2891 114690 90886 76447394 4082684 2666669 233009006 233009006 0 0 0 0.000000 10 120 456131 6541154 1 20 0.717269 1200 4308554 59033079 660 2299163 30802499 12 95051 3735306 0 0 0
1690569051591249 100 0 46 54 100 100 0 0 0 0 0 0 20 54 54 0 200 180 126 0 0 0 4040708 157519 0 2927 114714 91009 76447413 4082718 2666669 233145794 233145794 0 0 0 0.000000 10 120 456131 6540783 2 20 0.722214 1200 4308554 59033079 648 2267239 30380184 12 95051 3735306 0 0 0
1690569051603590 100 0 47 53 100 100 0 0 0 0 0 0 20 53 53 0 200 180 127 0 0 0 4052100 158318 0 2981 114717 91076 76447432 4082738 2666669 233267209 233267209 0 0 0 0.000000 10 120 449562 6540498 1 20 0.726242 1200 4308554 59033079 636 2235315 29958752 12 95051 3735306 0 0 0
1690569051615790 100 0 48 52 100 100 0 0 0 0 0 0 20 52 52 0 200 180 128 0 0 0 4063444 159020 0 3017 114719 91146 76447452 4082762 2666669 233424923 233424923 0 0 0 0.000000 10 120 443005 5864465 1 20 0.729522 1200 4308554 59033079 624 2171199 29536604 12 95051 3735306 0 0 0
1690569051618588 100 0 48 52 100 100 0 0 0 0 0 0 19 52 51 0 200 181 129 0 0 0 4065556 159544 0 3036 114719 91211 76447471 4082799 2666779 233594945 233594945 0 0 0 0.000000 10 120 443010 5864914 1 20 0.718099 1200 4308554 59033079 624 2171199 29536604 12 95051 3735306 0 0 0
1690569051630667 100 0 49 51 100 100 0 0 0 0 0 0 19 51 50 0 200 181 130 0 0 0 4076918 160069 0 3054 114722 91280 76447504 4082846 2666779 233733122 233733122 0 0 0 0.000000 10 120 443010 5865055 1 20 0.722890 1200 4308554 59033079 612 2139275 29113972 12 95051 3735306 0 0 0
1690569051632828 100 0 49 51 100 100 0 0 0 0 0 0 18 51 50 0 200 182 131 0 0 0 4078441 160529 0 3069 114754 91343 76447524 4082870 2666906 233888695 233888695 0 0 0 0.000000 10 120 443010 5865146 1 20 0.712413 1200 4308554 59033079 612 2139275 29113972 12 95051 3735306 0 0 0
1690569051644817 100 0 50 50 100 100 0 0 0 0 0 0 18 50 49 0 200 182 132 0 0 0 4089795 161009 0 3086 114756 91413 76447545 4082894 2666906 234045886 234045886 0 0 0 0.000000 10 120 449580 5864937 84 27 0.718258 1200 4308554 59033079 600 2107351 28692570 12 95051 3735306 0 0 0
1690569051657247 100 0 51 49 100 100 0 0 0 0 0 0 18 49 49 0 200 182 133 0 0 0 4101318 161664 0 3123 114780 91550 76447564 4082929 2666906 234178984 234178984 0 0 0 0.000000 10 120 443010 5864784 1 25 0.723020 1200 4308554 59033079 588 2075427 28269080 12 95051 3735306 0 0 0
1690569051669348 100 0 52 48 100 100 0 0 0 0 0 0 18 48 48 0 200 182 134 0 0 0 4112826 162069 0 3137 114812 91616 76447595 4082950 2666906 234310774 234310774 0 0 0 0.000000 10 120 443010 5864941 1 23 0.726898 1200 4308554 59033079 576 2043503 27845979 12 95051 3735306 0 0 0
1690569051670247 100 0 52 48 100 100 0 0 0 0 0 0 17 48 47 0 200 183 135 0 0 0 4113206 162423 0 3162 114812 91702 76447613 4082971 2667034 234458624 234458624 0 0 0 0.000000 10 120 443010 5865259 16 23 0.715849 1200 4308554 59033079 576 2043503 27845979 12 95051 3735306 0 0 0
1690569051682208 100 0 53 47 100 100 0 0 0 0 0 0 17 47 46 0 200 183 136 0 0 0 4124579 162849 0 3180 114814 91770 76447645 4082993 2667034 234596639 234596639 0 0 0 0.000000 10 120 436445 5865860 8 23 0.721057 1200 4308554 59033079 564 2011579 27422422 12 95051 3735306 0 0 0
1690569051694180 100 0 54 46 100 100 0 0 0 0 0 0 17 46 46 0 200 183 137 0 0 0 4135974 163229 0 3193 114864 91836 76447664 4083016 2667034 234793584 234793584 0 0 0 0.000000 10 120 436445 5866045 1 21 0.725299 1200 4308554 59033079 552 1979655 26999526 12 95051 3735306 0 0 0
1690569051695312 100 0 54 46 100 100 0 0 0 0 0 0 16 46 45 0 200 184 138 0 0 0 4136276 163908 0 3237 114864 91907 76447683 4083036 2667157 234954029 234954029 0 0 0 0.000000 10 120 436445 5866253 21 21 0.714479 1200 4308554 59033079 552 1979655 26999526 12 95051 3735306 0 0 0
1690569051707452 100 0 55 45 100 100 0 0 0 0 0 0 16 45 44 0 200 184 139 0 0 0 4147779 164362 0 3253 114867 91976 76447716 4083073 2667157 235082575 235082575 0 0 0 0.000000 10 120 436445 5866149 1 20 0.719941 1200 4308554 59033079 540 1947731 26576494 12 95051 3735306 0 0 0
1690569051709183 100 0 55 45 100 100 0 0 0 0 0 0 15 45 44 0 200 185 140 0 0 0 4149016 164675 0 3268 114899 92044 76447735 4083094 2667269 235216117 235216117 0 0 0 0.000000 10 120 429875 5866434 1 20 0.709884 1200 4308554 59033079 540 1947731 26576494 12 95051 3735306 0 0 0
1690569051721272 100 0 56 44 100 100 0 0 0 0 0 0 15 44 43 0 200 185 141 0 0 0 4160481 165127 0 3283 114901 92123 76447767 4083115 2667269 235345345 235345345 0 0 0 0.000000 10 120 429875 5866527 18 20 0.716199 1200 4308554 59033079 528 1915807 26154640 12 95051 3735306 0 0 0
1690569051733140 100 0 57 43 100 100 0 0 0 0 0 0 15 43 43 0 200 185 142 0 0 0 4171827 165485 0 3297 114924 92185 76447786 4083137 2667269 235495643 235495643 0 0 0 0.000000 10 120 429875 5866167 1 20 0.721342 1200 4308554 59033079 516 1851715 25733467 12 95051 3735306 0 0 0
1690569051734711 100 0 57 43 100 100 0 0 0 0 0 0 14 43 42 0 200 186 143 0 0 0 4172716 166016 0 3314 114925 92244 76447805 4083169 2667380 235615495 235615495 0 0 0 0.000000 10 120 423558 5769690 1 20 0.711086 1200 4308554 59033079 516 1851715 25733467 12 95051 3735306 0 0 0
1690569051748687 100 0 58 42 100 100 0 0 0 0 0 0 14 42 41 0 200 186 144 0 0 0 4184013 166643 0 3353 114928 94177 76447837 4083192 2667380 235771085 235771085 0 0 0 0.000000 10 120 410677 5093797 1 20 0.717178 1200 4308554 59033079 504 1787599 25310736 12 95051 3735306 0 0 0
1690569051760787 100 0 59 41 100 100 0 0 0 0 0 0 14 41 41 0 200 186 145 0 0 0 4195394 167160 0 3370 114955 94240 76447869 4083218 2667380 235910093 235910093 0 0 0 0.000000 10 120 417246 5093668 1 20 0.722139 1200 4308554 59033079 492 1755675 24888332 12 95051 3735306 0 0 0
1690569051762691 100 0 59 41 100 100 0 0 0 0 0 0 13 41 40 0 200 187 146 0 0 0 4196601 167691 0 3386 114975 94294 76447888 4083251 2667490 236043627 236043627 0 0 0 0.000000 10 120 410682 5093889 1 20 0.711769 1200 4308554 59033079 492 1755675 24888332 12 95051 3735306 0 0 0
1690569051774648 100 0 60 40 100 100 0 0 0 0 0 0 13 40 39 0 200 187 147 0 0 0 4208006 168079 0 3407 114977 94351 76447931 4083275 2667490 236220941 236220941 0 0 0 0.000000 10 120 397798 4997996 15 20 0.717734 1200 4308554 59033079 480 1723751 24466654 12 95051 3735306 0 0 0
1690569051786453 100 0 61 39 100 100 0 0 0 0 0 0 13 39 39 0 200 187 148 0 0 0 4219355 168376 0 3422 115000 94407 76447950 4083299 2667490 236350434 236350434 0 0 0 0.000000 10 120 397798 4997659 1 20 0.722593 1200 4308554 59033079 468 1691827 24043325 12 95051 3735306 0 0 0
1690569051798329 100 0 62 38 100 100 0 0 0 0 0 0 13 38 38 0 200 187 149 0 0 0 4230796 168674 0 3438 115003 94463 76447969 4083322 2667490 236522124 236522124 0 0 0 0.000000 10 120 397798 4997960 1 20 0.726550 1200 4308554 59033079 456 1659903 23621332 12 95051 3735306 0 0 0
1690569051810461 100 0 63 37 100 100 0 0 0 0 0 0 13 37 37 0 200 187 150 0 0 0 4242250 169214 0 3461 115005 94521 76447988 4083342 2667490 236674006 236674006 0 0 0 0.000000 10 120 397798 4997641 1 20 0.729773 1200 4308554 59033079 444 1595787 23199692 12 95051 3735306 0 0 0
1690569051812362 100 0 63 37 100 100 0 0 0 0 0 0 12 37 36 0 200 188 151 0 0 0 4243687 169497 0 3475 115039 94577 76448019 4083362 2667603 236851186 236851186 0 0 0 0.000000 10 120 404368 4997610 1 20 0.718314 1200 4308554 59033079 444 1595787 23199692 12 95051 3735306 0 0 0
1690569051824242 100 0 64 36 100 100 0 0 0 0 0 0 12 36 35 0 200 188 152 0 0 0 4255045 169862 0 3495 115042 94634 76448049 4083394 2667603 236961923 236961923 0 0 0 0.000000 10 120 410938 4997867 181 37 0.723065 1200 4308554 59033079 432 1563863 22778150 12 95051 3735306 0 0 0
1690569051825423 100 0 64 36 100 100 0 0 0 0 0 0 11 36 35 0 200 189 153 0 0 0 4255591 170294 0 3510 115103 94686 76448080 4083415 2667714 237069634 237069634 0 0 0 0.000000 10 120 410938 4997889 1 35 0.712563 1200 4308554 59033079 432 1563863 22778150 12 95051 3735306 0 0 0
1690569051826832 100 0 64 36 100 100 0 0 0 0 0 0 10 36 34 0 200 190 154 0 0 0 4256354 170790 0 3525 115103 94735 76448111 4083446 2667826 237192416 237192416 0 0 0 0.000000 10 120 404382 4322041 14 33 0.703559 1200 4308554 59033079 432 1563863 22778150 12 95051 3735306 0 0 0
1690569051839253 100 0 65 35 100 100 0 0 0 0 0 0 10 35 34 0 200 190 155 0 0 0 4267907 171436 0 3561 115128 94828 76448155 4083468 2667826 237312418 237312418 0 0 0 0.000000 10 120 397812 4321923 16 33 0.711047 1200 4308554 59033079 420 1531939 22356307 12 95051 3735306 0 0 0
1690569051851288 100 0 66 34 100 100 0 0 0 0 0 0 10 34 34 0 200 190 156 0 0 0 4279353 171874 0 3577 115149 94881 76448174 4083490 2667826 237456855 237456855 0 0 0 0.000000 10 120 397812 4322005 1 31 0.717146 1200 4308554 59033079 408 1500015 21934238 12 95051 3735306 0 0 0
1690569051863144 100 0 67 33 100 100 0 0 0 0 0 0 10 33 33 0 200 190 157 0 0 0 4290658 172252 0 3592 115180 94934 76448193 4083524 2667826 237633896 237633896 0 0 0 0.000000 10 120 397812 4321981 1 29 0.722114 1200 4308554 59033079 396 1468091 21511475 12 95051 3735306 0 0 0
1690569051875257 100 0 68 32 100 100 0 0 0 0 0 0 10 32 32 0 200 190 158 0 0 0 4302080 172788 0 3610 115183 94995 76448212 4083556 2667826 237785777 237785777 0 0 0 0.000000 10 120 397812 4321990 38 31 0.726160 1200 4308554 59033079 384 1403975 21089732 12 95051 3735306 0 0 0
1690569051887218 100 0 69 31 100 100 0 0 0 0 0 0 10 31 31 0 200 190 159 0 0 0 4313448 173238 0 3627 115186 95052 76448231 4083581 2667826 237927931 237927931 0 0 0 0.000000 10 120 404382 4321659 1 29 0.729455 1200 4308554 59033079 372 1339859 20666320 12 95051 3735306 0 0 0
1690569051899315 100 0 70 30 100 100 0 0 0 0 0 0 10 30 30 0 200 190 160 0 0 0 4324864 173781 0 3646 115189 95108 76448250 4083602 2667826 238096303 238096303 0 0 0 0.000000 10 120 398068 4225764 1 27 0.732140 1200 4308554 59033079 360 1244808 19772547 12 95051 3735306 0 0 0
1690569051911315 100 0 71 29 100 100 0 0 0 0 0 0 10 29 29 0 200 190 161 0 0 0 4336282 174208 0 3660 115192 95161 76448270 4083642 2667826 238247725 238247725 0 0 0 0.000000 10 120 404382 4322090 1 25 0.734326 1200 4308554 59033079 348 1212884 19349006 12 95051 3735306 0 0 0
1690569051923282 100 0 72 28 100 100 0 0 0 0 0 0 10 28 28 0 200 190 162 0 0 0 4347589 174731 0 3683 115195 95216 76448289 4083663 2667826 238388525 238388525 0 0 0 0.000000 10 120 404382 4322208 1 23 0.736107 1200 4308554 59033079 336 1180960 18925965 12 95051 3735306 0 0 0
1690569051935490 100 0 73 27 100 100 0 0 0 0 0 0 10 27 27 0 200 190 163 0 0 0 4359234 175116 0 3698 115235 95272 76448308 4083687 2667826 238543197 238543197 0 0 0 0.000000 10 120 397812 4322313 1 21 0.737557 1200 4308554 59033079 324 1149036 18502542 12 95051 3735306 0 0 0
1690569051936626 100 0 73 27 100 100 0 0 0 0 0 0 9 27 26 0 200 191 164 0 0 0 4359777 175525 0 3724 115281 95321 76448327 4083708 2667937 238645670 238645670 0 0 0 0.000000 10 120 397812 4322420 24 23 0.724988 1200 4308554 59033079 324 1149036 18502542 12 95051 3735306 0 0 0
1690569051948754 100 0 74 26 100 100 0 0 0 0 0 0 9 26 25 0 200 191 165 0 0 0 4371234 176035 0 3742 115284 95387 76448356 4083730 2667937 238834657 238834657 0 0 0 0.000000 10 120 391242 4322256 16 23 0.728501 1200 4308554 59033079 312 1117112 18079111 12 95051 3735306 0 0 0
1690569051950461 100 0 74 26 100 100 0 0 0 0 0 0 8 26 25 0 200 192 166 0 0 0 4372125 176623 0 3776 115336 95477 76448374 4083751 2668047 238963889 238963889 0 0 0 0.000000 10 120 384677 4322687 14 23 0.717224 1200 4308554 59033079 312 1117112 18079111 12 95051 3735306 0 0 0
1690569051962453 100 0 75 25 100 100 0 0 0 0 0 0 8 25 24 0 200 192 167 0 0 0 4383577 177028 0 3791 115339 95530 76448393 4083773 2668047 239079589 239079589 0 0 0 0.000000 10 120 391247 4322639 17 23 0.722177 1200 4308554 59033079 300 1085188 17655811 12 95051 3735306 0 0 0
1690569051974405 100 0 76 24 100 100 0 0 0 0 0 0 8 24 24 0 200 192 168 0 0 0 4394964 177446 0 3807 115361 95581 76448410 4083793 2668047 239202623 239202623 0 0 0 0.000000 10 120 391247 4323057 12 23 0.726211 1200 4308554 59033079 288 1053264 17234516 12 95051 3735306 0 0 0
1690569051986325 100 0 77 23 100 100 0 0 0 0 0 0 8 23 23 0 200 192 169 0 0 0 4406343 177858 0 3823 115366 95630 76448427 4083815 2668047 239388573 239388573 0 0 0 0.000000 10 120 391247 4322688 1 21 0.729498 1200 4308554 59033079 276 1021340 16812785 12 95051 3735306 0 0 0
1690569051987536 100 0 77 23 100 100 0 0 0 0 0 0 7 23 22 0 200 193 170 0 0 0 4406891 178399 0 3842 115366 95677 76448444 4083835 2668157 239496055 239496055 0 0 0 0.000000 10 120 391247 4322404 1 20 0.718078 1200 4308554 59033079 276 1021340 16812785 12 95051 3735306 0 0 0
1690569051999551 100 0 78 22 100 100 0 0 0 0 0 0 7 22 21 0 200 193 171 0 0 0 4418342 178827 0 3859 115369 95728 76448463 4083860 2668157 239652352 239652352 0 0 0 0.000000 10 120 391247 4322046 1 20 0.722873 1200 4308554 59033079 264 957224 16389074 12 95051 3735306 0 0 0
1690569052011620 100 0 79 21 100 100 0 0 0 0 0 0 7 21 21 0 200 193 172 0 0 0 4429742 179346 0 3880 115393 95775 76448480 4083882 2668157 239755203 239755203 0 0 0 0.000000 10 120 397817 4322174 1 20 0.726778 1200 4308554 59033079 252 925300 15966631 12 95051 3735306 0 0 0
1690569052023608 100 0 80 20 100 100 0 0 0 0 0 0 7 20 20 0 200 193 173 0 0 0 4441102 179829 0 3916 115395 95821 76448498 4083922 2668157 239887429 239887429 0 0 0 0.000000 10 120 397817 4321946 1 20 0.729959 1200 4308554 59033079 240 893376 15543542 12 95051 3735306 0 0 0
1690569052035679 100 0 81 19 100 100 0 0 0 0 0 0 7 19 19 0 200 193 174 0 0 0 4452567 180306 0 3933 115398 95866 76448516 4083944 2668157 239999904 239999904 0 0 0 0.000000 10 120 397817 4321903 1 20 0.732550 1200 4308554 59033079 228 861452 15120295 12 95051 3735306 0 0 0
1690569052047679 100 0 82 18 100 100 0 0 0 0 0 0 7 18 18 0 200 193 175 0 0 0 4464037 180695 0 3948 115400 95914 76448534 4083981 2668157 240114779 240114779 0 0 0 0.000000 10 120 397817 4322307 1 20 0.734660 1200 4308554 59033079 216 797360 14700345 12 95051 3735306 0 0 0
1690569052059572 100 0 83 17 100 100 0 0 0 0 0 0 7 17 17 0 200 193 176 0 0 0 4475488 181006 0 3964 115402 95969 76448551 4084001 2668157 240252982 240252982 0 0 0 0.000000 10 120 404382 4321825 1 20 0.736379 1200 4308554 59033079 204 733309 10966354 12 95051 3735306 0 0 0
1690569052071664 100 0 84 16 100 100 0 0 0 0 0 0 7 16 16 0 200 193 177 0 0 0 4486945 181478 0 3983 115441 96018 76448568 4084024 2668157 240371195 240371195 0 0 0 0.000000 10 120 410938 4997857 1 20 0.737779 1200 4308554 59033079 192 701385 10543661 12 95051 3735306 0 0 0
1690569052072729 100 0 84 16 100 100 0 0 0 0 0 0 6 16 15 0 200 194 178 0 0 0 4487372 182000 0 3999 115441 96060 76448586 4084044 2668267 240500069 240500069 0 0 0 0.000000 10 120 404368 4997968 22 22 0.725178 1200 4308554 59033079 192 701385 10543661 12 95051 3735306 0 0 0
1690569052084923 100 0 85 15 100 100 0 0 0 0 0 0 6 15 14 0 200 194 179 0 0 0 4498776 182665 0 4043 115443 96105 76448605 4084066 2668267 240674780 240674780 0 0 0 0.000000 10 120 404368 4997706 1 20 0.728656 1200 4308554 59033079 180 669461 10120928 12 95051 3735306 0 0 0
1690569052097087 100 0 86 14 100 100 0 0 0 0 0 0 6 14 14 0 200 194 180 0 0 0 4510285 183168 0 4060 115466 96150 76448623 4084090 2668267 240845479 240845479 0 0 0 0.000000 10 120 404368 4997727 1 20 0.731489 1200 4308554 59033079 168 637537 9698695 12 95051 3735306 0 0 0
1690569052109217 100 0 87 13 100 100 0 0 0 0 0 0 6 13 13 0 200 194 181 0 0 0 4521839 183582 0 4074 115495 96194 76448641 4084123 2668267 240983438 240983438 0 0 0 0.000000 10 120 397798 4997667 1 20 0.733796 1200 4308554 59033079 156 573421 9276166 12 95051 3735306 0 0 0
1690569052121113 100 0 88 12 100 100 0 0 0 0 0 0 6 12 12 0 200 194 182 0 0 0 4533220 183952 0 4090 115499 96248 76448670 4084145 2668267 241132012 241132012 0 0 0 0.000000 10 120 404368 4997897 15 20 0.735675 1200 4308554 59033079 144 541497 8852968 12 95051 3735306 0 0 0
1690569052133121 100 0 89 11 100 100 0 0 0 0 0 0 6 11 11 0 200 194 183 0 0 0 4544669 184393 0 4117 115501 96291 76448688 4084165 2668267 241255968 241255968 0 0 0 0.000000 10 120 404368 4997837 1 20 0.737206 1200 4308554 59033079 132 477405 8433148 12 95051 3735306 0 0 0
1690569052145139 100 0 90 10 100 100 0 0 0 0 0 0 6 10 10 0 200 194 184 0 0 0 4556135 184828 0 4133 115503 96334 76448706 4084185 2668267 241396121 241396121 0 0 0 0.000000 10 120 410933 4997167 1 20 0.738452 1200 4308554 59033079 120 445481 8011267 12 95051 3735306 0 0 0
1690569052145944 100 0 90 10 100 100 0 0 0 0 0 0 5 10 9 0 200 195 185 0 0 0 4556451 185175 0 4148 115521 96384 76448724 4084205 2668396 241545480 241545480 0 0 0 0.000000 10 120 410933 4996987 1 20 0.725756 1200 4308554 59033079 120 445481 8011267 12 95051 3735306 0 0 0
1690569052146958 100 0 90 10 100 100 0 0 0 0 0 0 4 10 8 0 200 196 186 0 0 0 4556887 185640 0 4176 115522 96420 76448742 4084226 2668508 241684114 241684114 0 0 0 0.000000 10 120 410933 4996627 17 20 0.714870 1200 4308554 59033079 120 445481 8011267 12 95051 3735306 0 0 0
1690569052158852 100 0 91 9 100 100 0 0 0 0 0 0 4 9 8 0 200 196 187 0 0 0 4568243 186045 0 4205 115545 96457 76448760 4084247 2668508 241802808 241802808 0 0 0 0.000000 10 120 410933 4996631 1 20 0.720260 1200 4308554 59033079 108 413557 7587931 12 95051 3735306 0 0 0
1690569052170991 100 0 92 8 100 100 0 0 0 0 0 0 4 8 8 0 200 196 188 0 0 0 4579797 186498 0 4222 115568 96493 76448777 4084267 2668508 241941973 241941973 0 0 0 0.000000 10 120 410933 4996762 1 20 0.724650 1200 4308554 59033079 96 381633 7164312 12 95051 3735306 0 0 0
1690569052183191 100 0 93 7 100 100 0 0 0 0 0 0 4 7 7 0 200 196 189 0 0 0 4591155 187207 0 4266 115571 96532 76448794 4084297 2668508 242076393 242076393 0 0 0 0.000000 10 120 410933 4996882 1 20 0.728225 1200 4308554 59033079 84 349709 6741472 12 95051 3735306 0 0 0
1690569052195339 100 0 94 6 100 100 0 0 0 0 0 0 4 6 6 0 200 196 190 0 0 0 4602525 187864 0 4303 115574 96572 76448812 4084321 2668508 242233883 242233883 0 0 0 0.000000 10 120 410933 4996788 1 20 0.731138 1200 4308554 59033079 72 254664 5847559 12 95051 3735306 0 0 0
1690569052207584 100 0 95 5 100 100 0 0 0 0 0 0 4 5 5 0 200 196 191 0 0 0 4613887 188631 0 4347 115577 96608 76448830 4084343 2668508 242386931 242386931 0 0 0 0.000000 10 120 423815 5093127 1 20 0.733510 1200 4308554 59033079 60 222740 5424802 12 95051 3735306 0 0 0
1690569052208633 100 0 95 5 100 100 0 0 0 0 0 0 3 5 4 0 200 197 192 0 0 0 4614328 189107 0 4361 115597 96642 76448848 4084367 2668619 242515137 242515137 0 0 0 0.000000 10 120 417250 5093450 1 20 0.721518 1200 4308554 59033079 60 222740 5424802 12 95051 3735306 0 0 0
1690569052220695 100 0 96 4 100 100 0 0 0 0 0 0 3 4 3 0 200 197 193 0 0 0 4625745 189635 0 4378 115599 96679 76448866 4084390 2668619 242660726 242660726 0 0 0 0.000000 10 120 417250 5093187 18 20 0.725675 1200 4308554 59033079 48 127696 1689496 12 95051 3735306 0 0 0
1690569052232791 100 0 97 3 100 100 0 0 0 0 0 0 3 3 3 0 200 197 194 0 0 0 4637209 190119 0 4395 115622 96716 76448884 4084412 2668619 242801882 242801882 0 0 0 0.000000 10 120 423562 5769222 1 20 0.729060 1200 4308554 59033079 36 95772 1266847 12 95051 3735306 0 0 0
1690569052298054 100 0 98 2 100 100 0 0 0 0 0 0 3 2 2 0 200 197 195 0 0 0 4660243 190409 0 4410 115672 96765 76490666 4084433 2668619 242941972 242941972 0 0 0 0.000000 10 120 423562 5769272 1 20 0.714646 1200 4308554 59033079 24 63848 845054 12 95051 3735306 0 0 0
1690569052345425 100 0 98 2 100 100 0 0 0 0 0 0 2 2 1 0 200 198 196 0 0 0 4672089 190653 0 4424 115721 96808 76525776 4084460 2668734 243077681 243077681 0 0 0 0.000000 10 120 423562 5768940 188 37 0.688473 1200 4308554 59033079 24 63848 845054 12 95051 3735306 0 0 0
1690569052346169 100 0 98 2 100 100 0 0 0 0 0 0 1 2 0 0 200 199 197 0 0 0 4672447 190909 0 4439 115742 96834 76525795 4084486 2668886 243275889 243275889 0 0 0 0.000000 10 120 423562 5769034 187 53 0.682904 1200 4308554 59033079 24 63848 845054 12 95051 3735306 0 0 0
1690569052498698 100 0 98 2 100 100 0 0 0 0 0 0 0 2 1 0 200 200 198 0 0 0 4695702 191553 0 4476 115861 96871 76654205 4084509 2669001 243427026 243427026 0 0 0 0.000000 10 120 423562 5768949 273 75 0.651080 1200 4308554 59033079 24 63848 845054 12 95051 3735306 0 0 0
1690569052500603 100 0 99 1 100 100 0 0 0 0 0 0 0 1 1 0 200 200 199 0 0 0 4695703 191804 0 4491 115975 96902 76655643 4084534 2669001 243581628 243581628 0 0 0 0.000000 10 120 423562 5769137 137 82 0.647414 1200 4308554 59033079 12 31924 422914 12 95051 3735306 0 0 0
1690569052628822 100 0 100 0 100 100 0 0 0 0 0 0 0 0 0 0 200 200 200 0 0 0 4695704 192091 0 4506 116025 96925 76783435 4084560 2669001 243711105 243711105 0 0 0 0.000000 10 120 416992 5769239 225 97 0.654628 1200 4308554 59033079 0 0 0 12 95051 3735306 0 0 0
1690569052645553 0 0 0 0 0 100 100 100 0 0 0 0 0 0 0 0 200 200 200 0 0 0 4695704 192091 0 4506 116025 96925 76783435 4084560 2669001 243711105 243711105 0 0 0 0.000000 10 120 410422 5769318 177 101 0.654628 0 0 0 0 0 0 0 0 0 0 0 0
