# timestamp workers_connected workers_init workers_idle workers_busy workers_able workers_joined workers_removed workers_released workers_idled_out workers_blocked workers_slow workers_lost tasks_waiting tasks_on_workers tasks_running tasks_with_results tasks_submitted tasks_dispatched tasks_done tasks_failed tasks_cancelled tasks_exhausted_attempts time_send time_receive time_send_good time_receive_good time_status_msgs time_internal time_polling time_application time_scheduling time_execute time_execute_good time_execute_exhaustion bytes_sent bytes_received bandwidth capacity_tasks capacity_cores capacity_memory capacity_disk capacity_instantaneous capacity_weighted manager_load total_cores total_memory total_disk committed_cores committed_memory committed_disk max_cores max_memory max_disk min_cores min_memory min_disk
1690566785145814 0 0 0 0 0 0 0 0 0 0 0 0 0 0 0 0 0 0 0 0 0 0 0 0 0 0 0 0 0 0 0 0 0 0 0 0 1.000000 0 0 0 0 0 0 0.000000 0 0 0 0 0 0 0 0 0 0 0 0
1690566785149765 0 0 0 0 0 0 0 0 0 0 0 0 0 0 0 0 0 0 0 0 0 0 0 0 0 0 0 0 0 0 0 0 0 0 0 0 1.000000 10 10 5120 10240 10 10 0.000000 0 0 0 0 0 0 0 0 0 0 0 0
1690566792955253 1 0 0 1 1 1 0 0 0 0 0 0 99 1 0 0 100 0 0 0 0 0 667 43 0 0 364 10623 7787009 6463 8 0 0 0 0 0 1.000000 10 10 5120 10240 10 10 0.424571 12 31924 422694 0 0 0 12 31924 422694 0 0 0
1690566794417735 100 0 2 98 100 100 0 0 0 0 0 0 2 98 97 0 100 97 0 0 0 0 726803 429 0 0 30678 15950 8487004 6463 3524 0 0 0 0 0 1.000000 10 10 5120 10240 10 10 0.432461 1176 4244706 58188219 1164 4212782 57766338 12 95051 3735312 0 0 0
1690566795446869 100 0 0 100 100 100 0 0 0 0 0 0 0 100 100 0 100 100 0 0 0 0 749509 438 0 0 32877 15990 9491343 6463 3613 0 0 0 0 0 1.000000 10 10 5120 10240 10 10 0.440460 1200 4308554 59033137 1200 4308554 59033137 12 95051 3735312 0 0 0
1690566855374691 100 0 0 100 100 100 0 0 0 0 0 0 0 100 100 1 100 100 0 0 0 0 749596 566 0 0 33372 26182 69407199 6886 3613 61708334 0 0 0 0 1.000000 10 10 5120 10240 10 10 0.512650 1200 4308554 59033137 1200 4308554 59033137 12 95051 3735312 0 0 0
1690566855374978 100 0 1 99 100 100 0 0 0 0 0 0 0 99 99 0 100 100 1 0 0 0 749597 1141 0 22 33375 26186 69407199 6886 3613 61708334 61708334 0 0 0 1.000000 10 10 5120 10240 10 10 0.555551 1200 4308554 59033137 1188 4213503 58139364 12 95051 3735312 0 0 0
1690566855375054 100 0 1 99 100 100 0 0 0 0 0 0 0 99 99 0 100 100 1 0 0 0 749597 1141 0 22 33375 26212 69407199 6895 3613 61708334 61708334 0 0 0 1.000000 4481 53772 425923531 -2147483648 4481 234 0.555551 1200 4308554 59033137 1188 4213503 58139364 12 95051 3735312 0 0 0
1690566855412096 100 0 2 98 100 100 0 0 0 0 0 0 0 98 98 0 100 100 2 0 0 0 749599 1540 0 42 33466 26243 69443576 6967 3613 123946732 123946732 0 0 0 1.000000 4481 53772 425923531 -2147483648 4481 649 0.587100 1200 4308554 59033137 1176 4181579 57717633 12 95051 3735312 0 0 0
1690566855999757 100 0 3 97 100 100 0 0 0 0 0 0 0 97 97 0 100 100 3 0 0 0 749601 1980 0 75 33564 26276 70030590 6985 3613 186777569 186777569 0 0 0 1.000000 3633 43596 230650088 -2147483648 3060 885 0.610291 1200 4308554 59033137 1164 4149655 57294014 12 95051 3735312 0 0 0
1690566857952786 100 0 3 97 100 100 0 0 0 0 0 0 0 97 97 1 100 100 3 0 0 0 749602 1984 0 75 33613 26294 71983286 7031 3613 251568685 186777569 0 0 0 1.000000 3740 44880 198094087 -2147483648 3970 1040 0.592211 1200 4308554 59033137 1164 4149655 57294014 12 95051 3735312 0 0 0
1690566857952999 100 0 4 96 100 100 0 0 0 0 0 0 0 96 96 0 100 100 4 0 0 0 749603 2335 0 95 33617 26316 71983286 7031 3613 251568685 251568685 0 0 0 1.000000 3740 44880 198094087 -2147483648 3970 1327 0.620353 1200 4308554 59033137 1152 4117731 56871938 12 95051 3735312 0 0 0
1690566858492620 100 0 5 95 100 100 0 0 0 0 0 0 0 95 95 0 100 100 5 0 0 0 749615 2753 0 128 33662 26346 72522332 7049 3613 315639696 315639696 0 0 0 1.000000 4599 55188 219398745 -2147483648 13598 2524 0.634736 1200 4308554 59033137 1140 4085807 56450057 12 95051 3735312 0 0 0
1690566859254640 100 0 6 94 100 100 0 0 0 0 0 0 0 94 94 0 100 100 6 0 0 0 749616 206573 0 177 33709 26374 73080390 7065 3613 381501582 381501582 0 0 0 1.000000 5387 64644 239987618 -2147483648 16505 3889 0.645308 1200 4308554 59033137 1128 4053883 56028213 12 95051 3735312 0 0 0
1690566859255253 100 0 7 93 100 100 0 0 0 0 0 0 0 93 93 0 100 100 7 0 0 0 749617 207044 0 231 33737 26397 73080412 7082 3613 447448976 447448976 0 0 0 1.000000 1299 15588 55136272 650566046 280 3538 0.663601 1200 4308554 59033137 1116 4021959 55605182 12 95051 3735312 0 0 0
1690566861823008 100 0 7 93 100 100 0 0 0 0 0 0 0 93 93 1 100 100 7 0 0 0 749620 207047 0 231 33803 26415 75647728 7097 3613 515612361 447448976 0 0 0 1.000000 1459 17508 59734587 714483764 5102 3617 0.623658 1200 4308554 59033137 1116 4021959 55605182 12 95051 3735312 0 0 0
1690566861823310 100 0 8 92 100 100 0 0 0 0 0 0 0 92 92 0 100 100 8 0 0 0 749622 207599 0 272 33807 26441 75647728 7097 3613 515612361 515612361 0 0 0 1.000000 1459 17508 59734587 714483764 5102 3763 0.645967 1200 4308554 59033137 1104 3926914 54711269 12 95051 3735312 0 0 0
1690566862063153 100 0 9 91 100 100 0 0 0 0 0 0 0 91 91 0 100 100 9 0 0 0 749624 207935 0 294 33862 26478 75887073 7114 3613 584145923 584145923 0 0 0 1.000000 1642 19704 78331610 887063407 9213 4295 0.653564 1200 4308554 59033137 1092 3862863 50977269 12 95051 3735312 0 0 0
1690566862218737 100 0 10 90 100 100 0 0 0 0 0 0 0 90 90 0 100 100 10 0 0 0 749624 208263 0 313 33917 26511 76042177 7128 3613 652844634 652844634 0 0 0 1.000000 1796 21552 88940116 1607593215 6135 4475 0.659149 1200 4308554 59033137 1080 3798747 50555493 12 95051 3735312 0 0 0
1690566862273760 100 0 11 89 100 100 0 0 0 0 0 0 0 89 89 0 100 100 11 0 0 0 749625 208664 0 337 33970 26541 76096650 7142 3613 721795464 721795464 0 0 0 1.000000 1927 23124 98239809 1633641999 5051 4532 0.663254 1200 4308554 59033137 1068 3766823 50132391 12 95051 3735312 0 0 0
1690566862650184 100 0 12 88 100 100 0 0 0 0 0 0 0 88 88 0 100 100 12 0 0 0 749626 209031 0 358 34045 26570 76472521 7174 3613 791137224 791137224 0 0 0 1.000000 2087 25044 102781146 1688714264 9882 5055 0.666272 1200 4308554 59033137 1056 3734899 49708834 12 95051 3735312 0 0 0
1690566863498583 100 0 13 87 100 100 0 0 0 0 0 0 0 87 87 0 100 100 13 0 0 0 749627 209410 0 377 34140 26599 77320353 7189 3613 861280348 861280348 0 0 0 1.000000 1870 22440 89394571 1453037218 898 4651 0.668490 1200 4308554 59033137 1044 3702975 49285285 12 95051 3735312 0 0 0
1690566863796196 100 0 14 86 100 100 0 0 0 0 0 0 0 86 86 0 100 100 14 0 0 0 749627 209797 0 393 34225 26629 77617407 7199 3613 932117345 932117345 0 0 0 1.000000 1770 21240 82451910 1327207542 1105 4306 0.670121 1200 4308554 59033137 1032 3671051 48862591 12 95051 3735312 0 0 0
1690566863974528 100 0 15 85 100 100 0 0 0 0 0 0 0 85 85 0 100 100 15 0 0 0 749628 210114 0 414 34305 26657 77795256 7211 3613 1002965640 1002965640 0 0 0 1.000000 1900 22800 86518265 1380288386 17727 5616 0.671319 1200 4308554 59033137 1020 3639127 48440521 12 95051 3735312 0 0 0
1690566864420814 100 0 16 84 100 100 0 0 0 0 0 0 0 84 84 0 100 100 16 0 0 0 749629 210425 0 432 34349 26684 78241102 7224 3613 1073972144 1073972144 0 0 0 1.000000 1868 22416 83365976 1319133780 1528 5218 0.672200 1200 4308554 59033137 1008 3607203 48017764 12 95051 3735312 0 0 0
1690566866311658 100 0 16 84 100 100 0 0 0 0 0 0 0 84 84 1 100 100 16 0 0 0 749630 210427 0 432 34451 26696 80131533 7239 3613 1147080019 1073972144 0 0 0 1.000000 1961 23532 85959332 1350071654 6587 5287 0.642636 1200 4308554 59033137 1008 3607203 48017764 12 95051 3735312 0 0 0
1690566866311908 100 0 17 83 100 100 0 0 0 0 0 0 0 83 83 0 100 100 17 0 0 0 749631 210874 0 455 34455 26719 80131533 7239 3613 1147080019 1147080019 0 0 0 1.000000 1961 23532 85959332 1350071654 6587 5414 0.661425 1200 4308554 59033137 996 3575279 47594924 12 95051 3735312 0 0 0
1690566866462127 100 0 18 82 100 100 0 0 0 0 0 0 0 82 82 0 100 100 18 0 0 0 749632 211284 0 473 34562 26749 80281111 7283 3613 1220308227 1220308227 0 0 0 1.000000 2080 24960 89718353 1399499003 19627 6801 0.664927 1200 4308554 59033137 984 3543355 47172609 12 95051 3735312 0 0 0
1690566866566470 100 0 19 81 100 100 0 0 0 0 0 0 0 81 81 0 100 100 19 0 0 0 749635 211816 0 512 34612 26816 80384741 7299 3613 1293224925 1293224925 0 0 0 1.000000 2118 25416 90038416 1395588795 2963 6428 0.667502 1200 4308554 59033137 972 3479239 46750079 12 95051 3735312 0 0 0
1690566866939810 100 0 20 80 100 100 0 0 0 0 0 0 0 80 80 0 100 100 20 0 0 0 749637 212250 0 530 34664 26843 80757499 7312 3613 1367175445 1367175445 0 0 0 1.000000 1797 21564 78435740 1161718697 508 5851 0.669394 1200 4308554 59033137 960 3447315 46328645 12 95051 3735312 0 0 0
1690566867219133 100 0 21 79 100 100 0 0 0 0 0 0 0 79 79 0 100 100 21 0 0 0 749639 212570 0 548 34708 26871 81036373 7323 3613 1441075633 1441075633 0 0 0 1.000000 1890 22680 81387086 1200574494 20020 7233 0.670785 1200 4308554 59033137 948 3415391 45906202 12 95051 3735312 0 0 0
1690566867409263 100 0 22 78 100 100 0 0 0 0 0 0 0 78 78 0 100 100 22 0 0 0 749641 212872 0 575 34752 26911 81226041 7340 3613 1514952021 1514952021 0 0 0 1.000000 1982 23784 84297575 1238932628 19904 8469 0.671808 1200 4308554 59033137 936 3351340 42171248 12 95051 3735312 0 0 0
1690566869042830 100 0 22 78 100 100 0 0 0 0 0 0 0 78 78 1 100 100 22 0 0 0 749645 212875 0 575 34807 26929 82859289 7353 3613 1589551215 1514952021 0 0 0 1.000000 2046 24552 89020902 1568155677 5594 8326 0.642317 1200 4308554 59033137 936 3351340 42171248 12 95051 3735312 0 0 0
1690566869043057 100 0 23 77 100 100 0 0 0 0 0 0 0 77 77 0 100 100 23 0 0 0 749645 213247 0 599 34811 26953 82859289 7353 3613 1589551215 1589551215 0 0 0 1.000000 2046 24552 89020902 1568155677 5594 8061 0.661165 1200 4308554 59033137 924 3319416 41749527 12 95051 3735312 0 0 0
1690566869932809 100 0 24 76 100 100 0 0 0 0 0 0 0 76 76 0 100 100 24 0 0 0 749646 213571 0 617 34853 26987 83748557 7368 3613 1666168520 1666168520 0 0 0 1.000000 2136 25632 91860816 1605121347 19767 9203 0.664736 1200 4308554 59033137 912 3287492 41326568 12 95051 3735312 0 0 0
1690566870432275 100 0 25 75 100 100 0 0 0 0 0 0 0 75 75 0 100 100 25 0 0 0 749648 214002 0 638 34937 27016 84247417 7382 3613 1743171991 1743171991 0 0 0 1.000000 2177 26124 92618833 1606133364 3652 8663 0.667361 1200 4308554 59033137 900 3255568 40903446 12 95051 3735312 0 0 0
1690566870928208 100 0 26 74 100 100 0 0 0 0 0 0 0 74 74 0 100 100 26 0 0 0 749649 214310 0 658 34978 27045 84742910 7398 3613 1820802901 1820802901 0 0 0 1.000000 2212 26544 93168202 1604115060 3393 8150 0.669291 1200 4308554 59033137 888 3223644 40481033 12 95051 3735312 0 0 0
1690566872206438 100 0 26 74 100 100 0 0 0 0 0 0 0 74 74 1 100 100 26 0 0 0 749651 214312 0 658 35058 27055 86020741 7417 3613 1900046745 1820802901 0 0 0 1.000000 2294 27528 95722444 1636866407 13558 8421 0.640266 1200 4308554 59033137 888 3223644 40481033 12 95051 3735312 0 0 0
1690566872206624 100 0 27 73 100 100 0 0 0 0 0 0 0 73 73 0 100 100 27 0 0 0 749651 214707 0 674 35061 27075 86020741 7417 3613 1900046745 1900046745 0 0 0 1.000000 2294 27528 95722444 1636866407 13558 8922 0.659495 1200 4308554 59033137 876 3191720 40057610 12 95051 3735312 0 0 0
1690566872275780 100 0 28 72 100 100 0 0 0 0 0 0 0 72 72 0 100 100 28 0 0 0 749652 215100 0 694 35096 27099 86089394 7426 3613 1978791333 1978791333 0 0 0 1.000000 2383 28596 98570942 1674765958 21511 10150 0.663508 1200 4308554 59033137 864 3127628 39636436 12 95051 3735312 0 0 0
1690566873175933 100 0 29 71 100 100 0 0 0 0 0 0 0 71 71 0 100 100 29 0 0 0 749653 215538 0 717 35175 27126 86988947 7437 3613 2058713772 2058713772 0 0 0 1.000000 2443 29316 103035794 1692362163 6291 9775 0.666459 1200 4308554 59033137 852 3095704 39213787 12 95051 3735312 0 0 0
1690566873339803 100 0 30 70 100 100 0 0 0 0 0 0 0 70 70 0 100 100 30 0 0 0 749655 215811 0 735 35208 27157 87152424 7448 3613 2138985394 2138985394 0 0 0 1.000000 2387 28644 99830102 1631337533 1513 8970 0.668627 1200 4308554 59033137 840 3063780 38792518 12 95051 3735312 0 0 0
1690566873447138 100 0 31 69 100 100 0 0 0 0 0 0 0 69 69 0 100 100 31 0 0 0 749655 216205 0 750 35290 27204 87259182 7457 3613 2219302273 2219302273 0 0 0 1.000000 2446 29352 101490574 1650285136 6813 8761 0.670222 1200 4308554 59033137 828 3031856 38371077 12 95051 3735312 0 0 0
1690566873794626 100 0 32 68 100 100 0 0 0 0 0 0 0 68 68 0 100 100 32 0 0 0 749657 216547 0 770 35380 27230 87606144 7475 3613 2299857292 2299857292 0 0 0 1.000000 2420 29040 99664812 1612973717 1877 8090 0.671394 1200 4308554 59033137 816 2999932 37948038 12 95051 3735312 0 0 0
1690566874151180 100 0 33 67 100 100 0 0 0 0 0 0 0 67 67 0 100 100 33 0 0 0 749657 216852 0 788 35448 27258 87962243 7487 3613 2380339555 2380339555 0 0 0 1.000000 2483 29796 101540889 1636071901 8905 8170 0.672255 1200 4308554 59033137 804 2904881 37054738 12 95051 3735312 0 0 0
1690566874279242 100 0 34 66 100 100 0 0 0 0 0 0 0 66 66 0 100 100 34 0 0 0 749658 217189 0 808 35491 27289 88089839 7501 3613 2461079481 2461079481 0 0 0 1.000000 2524 30288 107359717 1681014518 4791 7842 0.672888 1200 4308554 59033137 792 2840765 36633098 12 95051 3735312 0 0 0
1690566874579234 100 0 35 65 100 100 0 0 0 0 0 0 0 65 65 0 100 100 35 0 0 0 749660 217854 0 845 35577 27325 88388978 7520 3613 2542004403 2542004403 0 0 0 1.000000 2555 30660 110300027 1683297049 4034 7472 0.673354 1200 4308554 59033137 780 2808841 36210138 12 95051 3735312 0 0 0
1690566874758236 100 0 36 64 100 100 0 0 0 0 0 0 0 64 64 0 100 100 36 0 0 0 749662 218146 0 881 35617 27353 88567560 7537 3613 2623586782 2623586782 0 0 0 1.000000 2630 31560 112692720 1714985354 23195 9006 0.673696 1200 4308554 59033137 768 2776917 35788460 12 95051 3735312 0 0 0
1690566875008462 100 0 37 63 100 100 0 0 0 0 0 0 0 63 63 0 100 100 37 0 0 0 749663 218603 0 902 35694 27378 88817166 7552 3613 2705171539 2705171539 0 0 0 1.000000 2651 31812 112788047 1711712187 3521 8472 0.673948 1200 4308554 59033137 756 2712801 35365729 12 95051 3735312 0 0 0
1690566875074216 100 0 38 62 100 100 0 0 0 0 0 0 0 62 62 0 100 100 38 0 0 0 749663 218912 0 926 35733 27405 88882486 7569 3613 2786791669 2786791669 0 0 0 1.000000 2681 32172 115627400 1714927591 4251 8061 0.674132 1200 4308554 59033137 744 2680877 34942482 12 95051 3735312 0 0 0
1690566875472175 100 0 39 61 100 100 0 0 0 0 0 0 0 61 61 0 100 100 39 0 0 0 749664 219188 0 941 35769 27433 89280048 7585 3613 2868844197 2868844197 0 0 0 1.000000 2623 31476 112352547 1662889160 1527 7425 0.674268 1200 4308554 59033137 732 2648953 34519117 12 95051 3735312 0 0 0
1690566875800985 100 0 40 60 100 100 0 0 0 0 0 0 0 60 60 0 100 100 40 0 0 0 749664 220029 0 962 35862 27460 89607829 7600 3613 2951484821 2951484821 0 0 0 1.000000 2651 31812 112810315 1666324796 4117 7103 0.674368 1200 4308554 59033137 720 2617029 34095568 12 95051 3735312 0 0 0
1690566876079687 100 0 41 59 100 100 0 0 0 0 0 0 0 59 59 0 100 100 41 0 0 0 749664 220562 0 980 35955 27488 89885814 7617 3613 3034312972 3034312972 0 0 0 1.000000 2707 32484 114473955 1687649983 10221 7408 0.674442 1200 4308554 59033137 708 2585105 33672241 12 95051 3735312 0 0 0
1690566876142534 100 0 42 58 100 100 0 0 0 0 0 0 0 58 58 0 100 100 42 0 0 0 749665 220868 0 1001 35995 27514 89948235 7630 3613 3116929443 3116929443 0 0 0 1.000000 2665 31980 112024185 1648458240 1715 6854 0.674496 1200 4308554 59033137 696 2520989 33248530 12 95051 3735312 0 0 0
1690566876181897 100 0 43 57 100 100 0 0 0 0 0 0 0 57 57 0 100 100 43 0 0 0 749668 221222 0 1020 36098 27544 89987038 7642 3613 3199785895 3199785895 0 0 0 1.000000 2694 32328 114659527 1653898364 4564 6632 0.674535 1200 4308554 59033137 684 2489065 32825269 12 95051 3735312 0 0 0
1690566876188887 100 0 44 56 100 100 0 0 0 0 0 0 0 56 56 0 100 100 44 0 0 0 749670 221535 0 1038 36135 27569 89993562 7687 3613 3282310540 3282310540 0 0 0 1.000000 2745 32940 116151101 1673037155 9329 6896 0.674565 1200 4308554 59033137 672 2394014 31931182 12 95051 3735312 0 0 0
1690566876386772 100 0 45 55 100 100 0 0 0 0 0 0 0 55 55 0 100 100 45 0 0 0 749673 221909 0 1054 36216 27595 90190911 7697 3613 3365672212 3365672212 0 0 0 1.000000 2790 33480 121399241 1718510329 7643 6970 0.674586 1200 4308554 59033137 660 2362090 31509389 12 95051 3735312 0 0 0
1690566876608013 100 0 46 54 100 100 0 0 0 0 0 0 0 54 54 0 100 100 46 0 0 0 749673 222376 0 1073 36255 27622 90411566 7707 3613 3448752422 3448752422 0 0 0 1.000000 2851 34212 123319309 1743782346 20563 8296 0.674602 1200 4308554 59033137 648 2297998 31089569 12 95051 3735312 0 0 0
1690566876732276 100 0 47 53 100 100 0 0 0 0 0 0 0 53 53 0 100 100 47 0 0 0 749674 222768 0 1092 36334 27659 90535257 7721 3613 3531828964 3531828964 0 0 0 1.000000 2875 34500 125659750 1746473000 4416 7918 0.674613 1200 4308554 59033137 636 2202953 30195624 12 95051 3735312 0 0 0
1690566876782341 100 0 48 52 100 100 0 0 0 0 0 0 0 52 52 0 100 100 48 0 0 0 749675 223175 0 1112 36418 27685 90584747 7732 3613 3615461684 3615461684 0 0 0 1.000000 2935 35220 131488063 1800810653 21269 9221 0.674622 1200 4308554 59033137 624 2171029 29772531 12 95051 3735312 0 0 0
1690566876784358 100 0 49 51 100 100 0 0 0 0 0 0 0 51 51 0 100 100 49 0 0 0 749677 223618 0 1132 36502 27711 90586126 7754 3613 3698827869 3698827869 0 0 0 1.000000 2774 33288 123531133 1691019189 835 8404 0.674628 1200 4308554 59033137 612 2107042 29350563 12 95051 3735312 0 0 0
1690566876993009 100 0 50 50 100 100 0 0 0 0 0 0 0 50 50 0 100 100 50 0 0 0 749678 224050 0 1153 36584 27740 90794166 7772 3613 3782535681 3782535681 0 0 0 1.000000 2810 33720 126249974 1702204754 6571 8226 0.674633 1200 4308554 59033137 600 2075118 28929266 12 95051 3735312 0 0 0
1690566877037143 100 0 51 49 100 100 0 0 0 0 0 0 0 49 49 0 100 100 51 0 0 0 749680 224470 0 1173 36627 27788 90837726 7786 3613 3866058422 3866058422 0 0 0 1.000000 2680 32160 116956568 1597613524 976 7520 0.674636 1200 4308554 59033137 588 2011026 28507947 12 95051 3735312 0 0 0
1690566877092259 100 0 52 48 100 100 0 0 0 0 0 0 0 48 48 0 100 100 52 0 0 0 749682 224830 0 1195 36669 27814 90892351 7801 3613 3949628963 3949628963 0 0 0 1.000000 2724 32688 120665028 1623820096 13799 8133 0.674639 1200 4308554 59033137 576 1946910 28086204 12 95051 3735312 0 0 0
1690566877376603 100 0 53 47 100 100 0 0 0 0 0 0 0 47 47 0 100 100 53 0 0 0 749683 316227 0 1215 36713 27841 91085160 7824 3613 4033619113 4033619113 0 0 0 0.000000 2741 32892 123218859 1633849127 5592 7886 0.674640 1200 4308554 59033137 564 1914986 27664785 12 95051 3735312 0 0 0
1690566877516742 100 0 54 46 100 100 0 0 0 0 0 0 0 46 46 0 100 100 54 0 0 0 749683 316507 0 1235 36752 27868 91224901 7834 3613 4117685173 4117685173 0 0 0 0.000000 2584 31008 116161084 1540230273 881 7204 0.674642 1200 4308554 59033137 552 1883062 27243087 12 95051 3735312 0 0 0
1690566877605724 100 0 55 45 100 100 0 0 0 0 0 0 0 45 45 0 100 100 55 0 0 0 749685 316787 0 1252 36792 27894 91313481 7848 3613 4202034572 4202034572 0 0 0 0.000000 2527 30324 113598707 1506245168 1873 6685 0.674643 1200 4308554 59033137 540 1851138 26820745 12 95051 3735312 0 0 0
1690566877620061 100 0 56 44 100 100 0 0 0 0 0 0 0 44 44 0 100 100 56 0 0 0 749687 317160 0 1271 36875 27919 91327262 7866 3613 4286242466 4286242466 0 0 0 0.000000 2903 34836 130501403 1730393462 1802 6210 0.674643 1200 4308554 59033137 528 1819214 26397190 12 95051 3735312 0 0 0
1690566877664550 100 0 57 43 100 100 0 0 0 0 0 0 0 43 43 0 100 100 57 0 0 0 749688 317553 0 1292 36965 27946 91371172 7883 3613 4370660726 4370660726 0 0 0 0.000000 2917 35004 131130759 1738769647 6545 6243 0.674644 1200 4308554 59033137 516 1787290 25973861 12 95051 3735312 0 0 0
1690566877780166 100 0 58 42 100 100 0 0 0 0 0 0 0 42 42 0 100 100 58 0 0 0 749689 317874 0 1307 37001 27986 91486328 7901 3613 4455037771 4455037771 0 0 0 0.000000 2911 34932 127111132 1707236627 5465 6168 0.674644 1200 4308554 59033137 504 1755366 25551128 12 95051 3735312 0 0 0
1690566877889432 100 0 59 41 100 100 0 0 0 0 0 0 0 41 41 0 100 100 59 0 0 0 749691 318322 0 1328 37077 28013 91594984 7916 3613 4539860870 4539860870 0 0 0 0.000000 2567 30804 110407037 1332018448 433 5610 0.674645 1200 4308554 59033137 492 1723442 25127697 12 95051 3735312 0 0 0
1690566877891568 100 0 60 40 100 100 0 0 0 0 0 0 0 40 40 0 100 100 60 0 0 0 749691 318622 0 1358 37114 28038 91596707 7925 3613 4624546284 4624546284 0 0 0 0.000000 2557 30684 108297039 1326915804 3320 5388 0.674645 1200 4308554 59033137 480 1691518 24706435 12 95051 3735312 0 0 0
1690566877948705 100 0 61 39 100 100 0 0 0 0 0 0 0 39 39 0 100 100 61 0 0 0 749691 318926 0 1376 37150 28077 91653406 7939 3613 4709329003 4709329003 0 0 0 0.000000 2569 30828 108805277 1333046551 13436 6174 0.674645 1200 4308554 59033137 468 1659594 24283942 12 95051 3735312 0 0 0
1690566878056774 100 0 62 38 100 100 0 0 0 0 0 0 0 38 38 0 100 100 62 0 0 0 749691 319254 0 1395 37191 28107 91761024 7948 3613 4794096004 4794096004 0 0 0 0.000000 2695 32340 114141775 1398369060 7148 6270 0.674645 1200 4308554 59033137 456 1627670 23862032 12 95051 3735312 0 0 0
1690566878057195 100 0 63 37 100 100 0 0 0 0 0 0 0 37 37 0 100 100 63 0 0 0 749692 319543 0 1410 37213 28129 91761042 7978 3613 4878495369 4878495369 0 0 0 0.000000 2655 31860 112447649 1377525240 935 5751 0.687496 1200 4308554 59033137 444 1532619 22967874 12 95051 3735312 0 0 0
1690566878185125 100 0 64 36 100 100 0 0 0 0 0 0 0 36 36 0 100 100 64 0 0 0 749693 319929 0 1427 37298 28160 91888411 7992 3613 4963258461 4963258461 0 0 0 0.000000 2659 31908 116042668 1405184745 12401 6400 0.684092 1200 4308554 59033137 432 1500695 22546019 12 95051 3735312 0 0 0
1690566878514621 100 0 65 35 100 100 0 0 0 0 0 0 0 35 35 0 100 100 65 0 0 0 749693 342010 0 1446 273569 28192 91959462 8008 3613 5047984647 5047984647 0 0 0 0.000000 2725 32700 118923005 1440051387 5421 6306 0.681590 1200 4308554 59033137 420 1468771 22123123 12 95051 3735312 0 0 0
1690566878627017 100 0 66 34 100 100 0 0 0 0 0 0 0 34 34 0 100 100 66 0 0 0 749693 424526 0 1468 288890 28216 91959498 8023 3613 5133214554 5133214554 0 0 0 0.000000 1913 22956 83486131 1010947924 134 5705 0.693153 1200 4308554 59033137 408 1436847 21700209 12 95051 3735312 0 0 0
1690566878752876 100 0 68 32 100 100 0 0 0 0 0 0 0 32 32 0 100 100 68 0 0 0 749694 437658 0 1535 398893 28236 91959532 8048 3613 5303741532 5303741532 0 0 0 0.000000 1526 18312 66596883 806449394 398 4935 0.726939 1200 4308554 59033137 384 1340807 20854032 12 95051 3735312 0 0 0
1690566878958777 100 0 68 32 100 100 0 0 0 0 0 0 0 32 32 0 100 100 68 0 0 0 749694 437658 0 1535 398893 232001 91959532 8081 3613 5303741532 5303741532 0 0 0 0.000000 1513 18156 66029544 799606513 485 4713 0.726939 1200 4308554 59033137 384 1340807 20854032 12 95051 3735312 0 0 0
1690566879243215 100 0 70 30 100 100 0 0 0 0 0 0 0 30 30 0 100 100 70 0 0 0 749695 578997 0 1595 509042 232028 91959568 8093 3613 5475024654 5475024654 0 0 0 0.000000 1297 15564 56602986 685472335 190 4097 0.751775 1200 4308554 59033137 360 1276959 20010056 12 95051 3735312 0 0 0
1690566879431037 100 0 70 30 100 100 0 0 0 0 0 0 0 30 30 0 100 100 70 0 0 0 749695 578997 0 1595 509042 394467 91959568 8116 3613 5475024654 5475024654 0 0 0 0.000000 1140 13680 49751276 602481765 194 3902 0.751775 1200 4308554 59033137 360 1276959 20010056 12 95051 3735312 0 0 0
1690566879539243 100 0 74 26 100 100 0 0 0 0 0 0 0 26 26 0 100 100 74 0 0 0 749695 681539 0 1724 513454 394492 91959616 8139 3613 5818548265 5818548265 0 0 0 0.000000 889 10668 38796106 409717658 169 3075 0.803879 1200 4308554 59033137 312 1117200 18322162 12 95051 3735312 0 0 0
1690566879971949 100 0 74 26 100 100 0 0 0 0 0 0 0 26 26 0 100 100 74 0 0 0 749695 681539 0 1724 513454 731978 91959616 8163 3613 5818548265 5818548265 0 0 0 0.000000 855 10260 37312340 394020364 399 2942 0.803879 1200 4308554 59033137 312 1117200 18322162 12 95051 3735312 0 0 0
1690566880154490 100 0 74 26 100 100 0 0 0 0 0 0 0 26 26 0 100 100 74 0 0 0 749695 681539 0 1724 513454 820165 91959616 8178 3613 5818548265 5818548265 0 0 0 0.000000 855 10260 37312340 394020364 399 2815 0.803879 1200 4308554 59033137 312 1117200 18322162 12 95051 3735312 0 0 0
1690566880376253 100 0 74 26 100 100 0 0 0 0 0 0 0 26 26 0 100 100 74 0 0 0 749695 681539 0 1724 513454 1040886 91959616 8197 3613 5818548265 5818548265 0 0 0 0.000000 855 10260 37312340 394020364 399 2695 0.803879 1200 4308554 59033137 312 1117200 18322162 12 95051 3735312 0 0 0
1690566880418542 100 0 84 16 100 100 0 0 0 0 0 0 0 16 16 0 100 100 84 0 0 0 749696 710986 0 1974 515174 1040912 91959648 8216 3613 6684447970 6684447970 0 0 0 0.000000 435 5220 18972401 259334625 146 1683 0.889048 1200 4308554 59033137 192 671720 6998061 12 95051 3735312 0 0 0
1690566880467787 100 0 84 16 100 100 0 0 0 0 0 0 0 16 16 0 100 100 84 0 0 0 749696 710986 0 1974 515174 1050380 91959648 8236 3613 6684447970 6684447970 0 0 0 0.000000 419 5028 18274566 249793067 224 1611 0.889048 1200 4308554 59033137 192 671720 6998061 12 95051 3735312 0 0 0
1690566880480044 100 0 84 16 100 100 0 0 0 0 0 0 0 16 16 0 100 100 84 0 0 0 749696 710986 0 1974 515174 1058832 91959648 8262 3613 6684447970 6684447970 0 0 0 0.000000 419 5028 18274566 249793067 224 1542 0.889048 1200 4308554 59033137 192 671720 6998061 12 95051 3735312 0 0 0
1690566880503488 100 0 84 16 100 100 0 0 0 0 0 0 0 16 16 0 100 100 84 0 0 0 749696 710986 0 1974 515174 1061240 91959648 8280 3613 6684447970 6684447970 0 0 0 0.000000 419 5028 18274566 249793067 224 1477 0.889048 1200 4308554 59033137 192 671720 6998061 12 95051 3735312 0 0 0
1690566880506747 100 0 84 16 100 100 0 0 0 0 0 0 0 16 16 0 100 100 84 0 0 0 749696 710986 0 1974 515174 1063652 91959648 8300 3613 6684447970 6684447970 0 0 0 0.000000 419 5028 18274566 249793067 224 1415 0.889048 1200 4308554 59033137 192 671720 6998061 12 95051 3735312 0 0 0
1690566880514481 100 0 84 16 100 100 0 0 0 0 0 0 0 16 16 0 100 100 84 0 0 0 749696 710986 0 1974 515174 1070223 91959648 8318 3613 6684447970 6684447970 0 0 0 0.000000 419 5028 18274566 249793067 224 1356 0.889048 1200 4308554 59033137 192 671720 6998061 12 95051 3735312 0 0 0
1690566880518029 100 0 84 16 100 100 0 0 0 0 0 0 0 16 16 0 100 100 84 0 0 0 749696 710986 0 1974 515174 1072628 91959648 8349 3613 6684447970 6684447970 0 0 0 0.000000 419 5028 18274566 249793067 224 1300 0.889048 1200 4308554 59033137 192 671720 6998061 12 95051 3735312 0 0 0
1690566880521779 100 0 84 16 100 100 0 0 0 0 0 0 0 16 16 0 100 100 84 0 0 0 749696 710986 0 1974 515174 1075464 91959648 8379 3613 6684447970 6684447970 0 0 0 0.000000 419 5028 18274566 249793067 224 1247 0.889048 1200 4308554 59033137 192 671720 6998061 12 95051 3735312 0 0 0
1690566880525022 100 0 84 16 100 100 0 0 0 0 0 0 0 16 16 0 100 100 84 0 0 0 749696 710986 0 1974 515174 1078048 91959648 8401 3613 6684447970 6684447970 0 0 0 0.000000 419 5028 18274566 249793067 224 1196 0.889048 1200 4308554 59033137 192 671720 6998061 12 95051 3735312 0 0 0
1690566880528249 100 0 84 16 100 100 0 0 0 0 0 0 0 16 16 0 100 100 84 0 0 0 749696 710986 0 1974 515174 1080252 91959648 8432 3613 6684447970 6684447970 0 0 0 0.000000 419 5028 18274566 249793067 224 1148 0.889048 1200 4308554 59033137 192 671720 6998061 12 95051 3735312 0 0 0
1690566880541904 100 0 85 15 100 100 0 0 0 0 0 0 0 15 15 0 100 100 85 0 0 0 749698 722545 0 2031 516399 1080277 91959677 8446 3613 6770497158 6770497158 0 0 0 0.000000 419 5028 18274566 249793067 224 1059 0.862129 1200 4308554 59033137 180 639796 6574864 12 95051 3735312 0 0 0
1690566880653679 100 0 86 14 100 100 0 0 0 0 0 0 0 14 14 0 100 100 86 0 0 0 749699 722972 0 2051 516486 1080307 92070283 8459 3613 6857829827 6857829827 0 0 0 0.000000 418 5016 18230951 249209860 1711 1123 0.812463 1200 4308554 59033137 168 607872 6153266 12 95051 3735312 0 0 0
1690566880808727 100 0 87 13 100 100 0 0 0 0 0 0 0 13 13 0 100 100 87 0 0 0 749702 723462 0 2074 516572 1080335 92224660 8473 3613 6945360301 6945360301 0 0 0 0.000000 419 5028 17999291 249796368 18157 2785 0.775954 1200 4308554 59033137 156 575948 5257463 12 95051 3735312 0 0 0
1690566881038662 100 0 88 12 100 100 0 0 0 0 0 0 0 12 12 0 100 100 88 0 0 0 749703 723939 0 2094 516675 1080365 92453905 8503 3613 7033094466 7033094466 0 0 0 0.000000 421 5052 18085207 255048837 3045 2811 0.749117 1200 4308554 59033137 144 544024 4835230 12 95051 3735312 0 0 0
1690566881144941 100 0 89 11 100 100 0 0 0 0 0 0 0 11 11 0 100 100 89 0 0 0 749705 724271 0 2120 516726 1080393 92559690 8526 3613 7120898030 7120898030 0 0 0 0.000000 422 5064 18128165 255644905 8513 3368 0.729389 1200 4308554 59033137 132 512100 4412510 12 95051 3735312 0 0 0
1690566881262419 100 0 90 10 100 100 0 0 0 0 0 0 0 10 10 0 100 100 90 0 0 0 749706 724603 0 2140 516777 1080448 92676652 8544 3613 7208899736 7208899736 0 0 0 0.000000 422 5064 18128165 255637765 3411 3373 0.714887 1200 4308554 59033137 120 480176 3989421 12 95051 3735312 0 0 0
1690566881378494 100 0 91 9 100 100 0 0 0 0 0 0 0 9 9 0 100 100 91 0 0 0 749708 724997 0 2163 516828 1080481 92792173 8563 3613 7296740667 7296740667 0 0 0 0.000000 422 5064 18128165 255635716 1699 3211 0.704226 1200 4308554 59033137 108 416084 3569469 12 95051 3735312 0 0 0
1690566881431460 100 0 92 8 100 100 0 0 0 0 0 0 0 8 8 0 100 100 92 0 0 0 749710 725359 0 2183 516879 1080511 92844631 8577 3613 7384769527 7384769527 0 0 0 0.000000 422 5064 18127958 255603342 3044 3196 0.696390 1200 4308554 59033137 96 384160 3147829 12 95051 3735312 0 0 0
1690566881477573 100 0 93 7 100 100 0 0 0 0 0 0 0 7 7 0 100 100 93 0 0 0 749710 725816 0 2208 516965 1080538 92890102 8590 3613 7472821473 7472821473 0 0 0 0.000000 423 5076 18170915 256195044 20098 4845 0.690630 1200 4308554 59033137 84 320044 2725130 12 95051 3735312 0 0 0
1690566881852077 100 0 94 6 100 100 0 0 0 0 0 0 0 6 6 0 100 100 94 0 0 0 749712 726231 0 2227 517053 1080566 93264003 8605 3613 7561381238 7561381238 0 0 0 0.000000 423 5076 17903864 252125715 4113 4775 0.686395 1200 4308554 59033137 72 288120 2302727 12 95051 3735312 0 0 0
1690566881952741 100 0 95 5 100 100 0 0 0 0 0 0 0 5 5 0 100 100 95 0 0 0 749714 726557 0 2250 517102 1080593 93364194 8624 3613 7649809752 7649809752 0 0 0 0.000000 421 5052 17819212 250938872 1428 4449 0.683283 1200 4308554 59033137 60 224004 1880579 12 95051 3735312 0 0 0
1690566881960602 100 0 96 4 100 100 0 0 0 0 0 0 0 4 4 0 100 100 96 0 0 0 749716 726991 0 2271 517218 1080618 93371415 8639 3613 7738359908 7738359908 0 0 0 0.000000 422 5064 17861745 251554976 16980 5672 0.680995 1200 4308554 59033137 48 192080 1457243 12 95051 3735312 0 0 0
1690566882311820 100 0 97 3 100 100 0 0 0 0 0 0 0 3 3 0 100 100 97 0 0 0 749719 727353 0 2298 517271 1080644 93722127 8656 3613 7827430440 7827430440 0 0 0 0.000000 423 5076 17359169 248088473 11523 6243 0.679313 1200 4308554 59033137 36 160156 1270417 12 95051 3735312 0 0 0
1690566882437766 100 0 98 2 100 100 0 0 0 0 0 0 0 2 2 0 100 100 98 0 0 0 749721 727798 0 2318 517353 1080670 93847450 8678 3613 7916433951 7916433951 0 0 0 0.000000 426 5112 17482284 247793890 2835 5912 0.678076 1200 4308554 59033137 24 96040 846918 12 95051 3735312 0 0 0
1690566882535839 100 0 99 1 100 100 0 0 0 0 0 0 0 1 1 0 100 100 99 0 0 0 749722 728100 0 2339 517399 1080697 93945070 8699 3613 8005453363 8005453363 0 0 0 0.000000 426 5112 17483406 247807200 3058 5635 0.677167 1200 4308554 59033137 12 31924 423644 12 95051 3735312 0 0 0
1690566883500627 100 0 100 0 100 100 0 0 0 0 0 0 0 0 0 0 100 100 100 0 0 0 749724 728487 0 2364 517482 1080723 94909280 8731 3613 8095537223 8095537223 0 0 0 0.000000 430 5160 17930070 250151377 9660 6029 0.676499 1200 4308554 59033137 0 0 0 12 95051 3735312 0 0 0
1690566885785981 100 0 0 100 100 100 0 0 0 0 0 0 0 100 100 1 200 200 100 0 0 0 1030653 728636 0 2364 519586 1082404 96904792 13229 10272 8097302544 8095537223 0 0 0 0.000000 430 5160 17647780 250171780 7013 6079 0.138795 1200 4308554 59033137 1200 4308554 59033137 12 95051 3735312 0 0 0
1690566885786374 100 0 1 99 100 100 0 0 0 0 0 0 0 99 99 0 200 200 101 0 0 0 1030655 729280 0 2387 519591 1082445 96904792 13229 10272 8097302544 8097302544 0 0 0 0.000000 430 5160 17647780 250171780 7013 6171 0.251043 1200 4308554 59033137 1188 4276630 58137334 12 95051 3735312 0 0 0
1690566887913600 100 0 1 99 100 100 0 0 0 0 0 0 0 99 99 1 200 200 101 0 0 0 1030661 729285 0 2387 519726 1082482 99030679 14076 10272 8101435807 8097302544 0 0 0 0.000000 413 4956 16678744 244276917 8 5863 0.320390 1200 4308554 59033137 1188 4276630 58137334 12 95051 3735312 0 0 0
1690566887913856 100 0 2 98 100 100 0 0 0 0 0 0 0 98 98 0 200 200 102 0 0 0 1030662 729763 0 2406 519729 1082505 99030679 14076 10272 8101435807 8101435807 0 0 0 0.000000 413 4956 16678744 244276917 8 5293 0.398953 1200 4308554 59033137 1176 4181585 57243389 12 95051 3735312 0 0 0
1690566896502417 100 0 2 98 100 100 0 0 0 0 0 0 0 98 98 1 200 200 102 0 0 0 1030674 729776 0 2406 519840 1082570 107618593 14211 10272 8114166581 8101435807 0 0 0 0.000000 409 4908 17044074 245855184 2576 5158 0.467591 1200 4308554 59033137 1176 4181585 57243389 12 95051 3735312 0 0 0
1690566896502683 100 0 3 97 100 100 0 0 0 0 0 0 0 97 97 0 200 200 103 0 0 0 1030674 730234 0 2427 519844 1082606 107618593 14211 10272 8114166581 8114166581 0 0 0 0.000000 409 4908 17044074 245855184 2576 4907 0.518849 1200 4308554 59033137 1164 4086534 56349231 12 95051 3735312 0 0 0
1690566897400778 100 0 4 96 100 100 0 0 0 0 0 0 0 96 96 0 200 200 104 0 0 0 1030678 730634 0 2450 519960 1082639 108516028 14263 10272 8127778378 8127778378 0 0 0 0.000000 403 4836 17313226 246134249 11584 5559 0.560121 1200 4308554 59033137 1152 3991490 52614531 12 95051 3735312 0 0 0
1690566897907198 100 0 5 95 100 100 0 0 0 0 0 0 0 95 95 0 200 200 105 0 0 0 1030679 731024 0 2468 520009 1082671 109021791 14385 10272 8141906948 8141906948 0 0 0 0.000000 398 4776 17611111 269984933 10676 6059 0.590459 1200 4308554 59033137 1140 3896445 51720618 12 95051 3735312 0 0 0
1690566898167206 100 0 6 94 100 100 0 0 0 0 0 0 0 94 94 0 200 200 106 0 0 0 1030682 731421 0 2486 520088 1082732 109281171 14418 10272 8156566055 8156566055 0 0 0 0.000000 392 4704 17850584 269677672 13691 6804 0.612761 1200 4308554 59033137 1128 3832329 51298875 12 95051 3735312 0 0 0
1690566898232304 100 0 7 93 100 100 0 0 0 0 0 0 0 93 93 0 200 200 107 0 0 0 1030683 731864 0 2507 520137 1082764 109345622 14475 10272 8171013250 8171013250 0 0 0 0.000000 385 4620 17784761 264849538 11756 7288 0.629155 1200 4308554 59033137 1116 3800405 50875510 12 95051 3735312 0 0 0
1690566899095375 100 0 8 92 100 100 0 0 0 0 0 0 0 92 92 0 200 200 108 0 0 0 1030685 732232 0 2528 520187 1082812 110208127 14508 10272 8186337749 8186337749 0 0 0 0.000000 385 4620 17784761 264854504 12234 7771 0.641206 1200 4308554 59033137 1104 3705361 47140198 12 95051 3735312 0 0 0
1690566900515426 100 0 8 92 100 100 0 0 0 0 0 0 0 92 92 1 200 200 108 0 0 0 1030688 732235 0 2528 520237 1082833 111627765 14547 10272 8203337825 8186337749 0 0 0 0.000000 379 4548 17995810 286343287 15099 8138 0.617391 1200 4308554 59033137 1104 3705361 47140198 12 95051 3735312 0 0 0
1690566900515669 100 0 9 91 100 100 0 0 0 0 0 0 0 91 91 0 200 200 109 0 0 0 1030689 732666 0 2548 520240 1082869 111627765 14547 10272 8203337825 8203337825 0 0 0 0.000000 379 4548 17995810 286343287 15099 8818 0.640863 1200 4308554 59033137 1092 3641245 46718422 12 95051 3735312 0 0 0
1690566900785974 100 0 10 90 100 100 0 0 0 0 0 0 0 90 90 0 200 200 110 0 0 0 1030690 732961 0 2566 520282 1082908 111897615 14576 10272 8220337650 8220337650 0 0 0 0.000000 372 4464 17907830 281058527 17242 9641 0.649812 1200 4308554 59033137 1080 3546194 45824649 12 95051 3735312 0 0 0
1690566902762835 100 0 10 90 100 100 0 0 0 0 0 0 0 90 90 1 200 200 110 0 0 0 1030692 732963 0 2566 520351 1082932 113874141 14603 10272 8239332359 8220337650 0 0 0 0.000000 366 4392 18090514 280045498 19451 10132 0.624401 1200 4308554 59033137 1080 3546194 45824649 12 95051 3735312 0 0 0
1690566902763150 100 0 11 89 100 100 0 0 0 0 0 0 0 89 89 0 200 200 111 0 0 0 1030693 733354 0 2586 520355 1082992 113874141 14603 10272 8239332359 8239332359 0 0 0 0.000000 366 4392 18090514 280045498 19451 11041 0.646572 1200 4308554 59033137 1068 3482078 45402501 12 95051 3735312 0 0 0
1690566902900157 100 0 12 88 100 100 0 0 0 0 0 0 0 88 88 0 200 200 112 0 0 0 1030695 733786 0 2607 520406 1083054 114010468 14667 10272 8258461130 8258461130 0 0 0 0.000000 362 4344 18130630 276986650 17300 11652 0.654009 1200 4308554 59033137 1056 3418091 44980533 12 95051 3735312 0 0 0
1690566902920948 100 0 13 87 100 100 0 0 0 0 0 0 0 87 87 0 200 200 113 0 0 0 1030697 734198 0 2627 520487 1083084 114030609 14724 10272 8277609045 8277609045 0 0 0 0.000000 356 4272 17604433 268965106 22064 12668 0.659476 1200 4308554 59033137 1044 3386167 44558835 12 95051 3735312 0 0 0
1690566903067986 100 0 14 86 100 100 0 0 0 0 0 0 0 86 86 0 200 200 114 0 0 0 1030699 734597 0 2648 520572 1083119 114177014 14784 10272 8297161405 8297161405 0 0 0 0.000000 349 4188 17258278 263675348 18978 13284 0.663494 1200 4308554 59033137 1032 3354243 44136652 12 95051 3735312 0 0 0
1690566903405886 100 0 15 85 100 100 0 0 0 0 0 0 0 85 85 0 200 200 115 0 0 0 1030702 735053 0 2668 520620 1083155 114514280 14817 10272 8316782019 8316782019 0 0 0 0.000000 367 4404 18148390 277269309 13799 13335 0.666448 1200 4308554 59033137 1020 3290192 40402652 12 95051 3735312 0 0 0
1690566903444939 100 0 16 84 100 100 0 0 0 0 0 0 0 84 84 0 200 200 116 0 0 0 1030703 735383 0 2688 520667 1083188 114552821 14867 10272 8336435908 8336435908 0 0 0 0.000000 374 4488 18739759 307830196 19680 13955 0.668620 1200 4308554 59033137 1008 3226076 39981012 12 95051 3735312 0 0 0
1690566903452480 100 0 17 83 100 100 0 0 0 0 0 0 0 83 83 0 200 200 117 0 0 0 1030705 735752 0 2708 520715 1083232 114559787 14928 10272 8356105597 8356105597 0 0 0 0.000000 376 4512 19086996 309467721 18420 14392 0.670216 1200 4308554 59033137 996 3194152 39559219 12 95051 3735312 0 0 0
1690566903466887 100 0 18 82 100 100 0 0 0 0 0 0 0 82 82 0 200 200 118 0 0 0 1030707 736150 0 2736 520794 1083263 114573577 14978 10272 8375779838 8375779838 0 0 0 0.000000 376 4512 18839972 309455290 18264 14770 0.671389 1200 4308554 59033137 984 3130101 35824265 12 95051 3735312 0 0 0
1690566903542635 100 0 19 81 100 100 0 0 0 0 0 0 0 81 81 0 200 200 119 0 0 0 1030708 736469 0 2756 520860 1083307 114648779 15042 10272 8395812740 8395812740 0 0 0 0.000000 390 4680 19797165 347344515 17520 15039 0.672252 1200 4308554 59033137 972 3098177 35401822 12 95051 3735312 0 0 0
1690566904358593 100 0 20 80 100 100 0 0 0 0 0 0 0 80 80 0 200 200 120 0 0 0 1030710 736776 0 2774 520936 1083335 115464197 15094 10272 8416657896 8416657896 0 0 0 0.000000 404 4848 20507832 359818651 18917 15418 0.672886 1200 4308554 59033137 960 3034061 34978111 12 95051 3735312 0 0 0
1690566904802826 100 0 21 79 100 100 0 0 0 0 0 0 0 79 79 0 200 200 121 0 0 0 1030710 737070 0 2794 520980 1083366 115907954 15154 10272 8437680464 8437680464 0 0 0 0.000000 415 4980 21338860 369624629 25640 16416 0.673352 1200 4308554 59033137 948 3002137 34555417 12 95051 3735312 0 0 0
1690566905101053 100 0 22 78 100 100 0 0 0 0 0 0 0 78 78 0 200 200 122 0 0 0 1030711 737427 0 2811 521021 1083397 116205657 15201 10272 8458992115 8458992115 0 0 0 0.000000 419 5028 21270364 373195750 24417 17197 0.673695 1200 4308554 59033137 936 2907086 33661330 12 95051 3735312 0 0 0
1690566905122647 100 0 24 76 100 100 0 0 0 0 0 0 0 76 76 0 200 200 124 0 0 0 1030714 741353 0 2855 521098 1100794 116205723 15277 10272 8501908109 8501908109 0 0 0 0.000000 447 5364 23561316 402452053 1299 16877 0.712636 1200 4308554 59033137 912 2778854 32815132 12 95051 3735312 0 0 0
1690566905122865 100 0 24 76 100 100 0 0 0 0 0 0 0 76 76 0 200 200 124 0 0 0 1030714 741353 0 2855 521098 1100835 116205723 15403 10272 8501908109 8501908109 0 0 0 0.000000 494 5928 26363228 444780069 1753 16121 0.712636 1200 4308554 59033137 912 2778854 32815132 12 95051 3735312 0 0 0
1690566905302412 100 0 25 75 100 100 0 0 0 0 0 0 0 75 75 0 200 200 125 0 0 0 1030715 741718 0 2874 521184 1100864 116384692 15443 10272 8523428311 8523428311 0 0 0 0.000000 494 5928 26363228 444780069 1753 14721 0.702572 1200 4308554 59033137 900 2714738 32392602 12 95051 3735312 0 0 0
1690566905502090 100 0 26 74 100 100 0 0 0 0 0 0 0 74 74 0 200 200 126 0 0 0 1030716 742108 0 2892 521270 1100905 116583753 15483 10272 8545413316 8545413316 0 0 0 0.000000 495 5940 26741800 445670735 23417 15570 0.695174 1200 4308554 59033137 888 2650646 31971428 12 95051 3735312 0 0 0
1690566905658444 100 0 27 73 100 100 0 0 0 0 0 0 0 73 73 0 200 200 127 0 0 0 1030719 742534 0 2911 521312 1100946 116739492 15537 10272 8567564394 8567564394 0 0 0 0.000000 570 6840 31167787 513189403 20586 16060 0.689736 1200 4308554 59033137 876 2586554 31550109 12 95051 3735312 0 0 0
1690566905665221 100 0 28 72 100 100 0 0 0 0 0 0 0 72 72 0 200 200 128 0 0 0 1030721 742938 0 2929 521398 1100987 116745644 15580 10272 8589446508 8589446508 0 0 0 0.000000 622 7464 34419500 553968128 23441 16781 0.685738 1200 4308554 59033137 864 2522462 31130289 12 95051 3735312 0 0 0
1690566905883996 100 0 29 71 100 100 0 0 0 0 0 0 0 71 71 0 200 200 129 0 0 0 1030721 743324 0 2959 521485 1101018 116963830 15610 10272 8611817031 8611817031 0 0 0 0.000000 615 7380 34435884 547690070 21287 17221 0.682800 1200 4308554 59033137 852 2427411 30236989 12 95051 3735312 0 0 0
1690566905956825 100 0 30 70 100 100 0 0 0 0 0 0 0 70 70 0 200 200 130 0 0 0 1030724 743966 0 2998 521536 1101076 117035819 15653 10272 8634267291 8634267291 0 0 0 0.000000 741 8892 42445675 667035982 19504 17445 0.680640 1200 4308554 59033137 840 2363295 29814258 12 95051 3735312 0 0 0
1690566906030003 100 0 31 69 100 100 0 0 0 0 0 0 0 69 69 0 200 200 131 0 0 0 1030725 744362 0 3016 521621 1101106 117108383 15707 10272 8656783167 8656783167 0 0 0 0.000000 849 10188 49189865 764266041 21402 17831 0.679052 1200 4308554 59033137 828 2299308 29392555 12 95051 3735312 0 0 0
1690566906077685 100 0 32 68 100 100 0 0 0 0 0 0 0 68 68 0 200 200 132 0 0 0 1030725 744721 0 3037 521666 1101147 117155498 15779 10272 8679081043 8679081043 0 0 0 0.000000 1296 15552 74266990 1079028071 20451 18087 0.677884 1200 4308554 59033137 816 2235216 28972603 12 95051 3735312 0 0 0
1690566907464028 100 0 32 68 100 100 0 0 0 0 0 0 0 68 68 1 200 200 132 0 0 0 1030727 744724 0 3037 521798 1101161 118541299 15807 10272 8702761294 8679081043 0 0 0 0.000000 1958 23496 110965934 1497719195 19289 18148 0.647266 1200 4308554 59033137 816 2235216 28972603 12 95051 3735312 0 0 0
1690566907464286 100 0 33 67 100 100 0 0 0 0 0 0 0 67 67 0 200 200 133 0 0 0 1030727 745270 0 3057 521801 1101184 118541299 15807 10272 8702761294 8702761294 0 0 0 0.000000 1958 23496 110965934 1497719195 19289 18261 0.665196 1200 4308554 59033137 804 2171100 28549329 12 95051 3735312 0 0 0
1690566908338635 100 0 34 66 100 100 0 0 0 0 0 0 0 66 66 0 200 200 134 0 0 0 1030729 747359 0 3101 802161 1101231 119133023 15873 10272 8727301288 8727301288 0 0 0 0.000000 2991 35892 171474275 -2147483648 18975 18331 0.667699 1200 4308554 59033137 792 2106984 28125916 12 95051 3735312 0 0 0
1690566909122037 100 0 35 65 100 100 0 0 0 0 0 0 0 65 65 0 200 200 135 0 0 0 1030730 748347 0 3120 802206 1101264 119752447 15935 10272 8752649077 8752649077 0 0 0 0.000000 2156 25872 125020104 1649211740 87 16553 0.669539 1200 4308554 59033137 780 2075060 27704475 12 95051 3735312 0 0 0
1690566909829146 100 0 36 64 100 100 0 0 0 0 0 0 0 64 64 0 200 200 136 0 0 0 1030731 749667 0 3161 802253 1101294 120458063 15981 10272 8778709615 8778709615 0 0 0 0.000000 2095 25140 121482894 1602543657 17927 16688 0.670892 1200 4308554 59033137 768 2043136 27281174 12 95051 3735312 0 0 0
1690566909830382 100 0 37 63 100 100 0 0 0 0 0 0 0 63 63 0 200 200 137 0 0 0 1030731 750738 0 3181 802299 1101319 120458086 16009 10272 8804769569 8804769569 0 0 0 0.000000 2089 25068 121134971 1577810019 13959 16423 0.684440 1200 4308554 59033137 756 2011212 26858278 12 95051 3735312 0 0 0
1690566910307315 100 0 38 62 100 100 0 0 0 0 0 0 0 62 62 0 200 200 138 0 0 0 1030732 751149 0 3198 802341 1101347 120934462 16038 10272 8831564991 8831564991 0 0 0 0.000000 2037 24444 118119644 1538562272 10445 15841 0.681845 1200 4308554 59033137 744 1979288 26437009 12 95051 3735312 0 0 0
1690566910811423 100 0 39 61 100 100 0 0 0 0 0 0 0 61 61 0 200 200 139 0 0 0 1030733 751945 0 3219 802424 1101386 121437580 16063 10272 8858858675 8858858675 0 0 0 0.000000 2023 24276 117307825 1527928055 15338 15793 0.679938 1200 4308554 59033137 732 1947364 26014360 12 95051 3735312 0 0 0
1690566910845163 100 0 40 60 100 100 0 0 0 0 0 0 0 60 60 0 200 200 140 0 0 0 1030734 752901 0 3260 802485 1101439 121470160 16107 10272 8886190721 8886190721 0 0 0 0.000000 2075 24900 120323153 1567183895 20114 16216 0.678536 1200 4308554 59033137 720 1915440 25592045 12 95051 3735312 0 0 0
1690566910917385 100 0 41 59 100 100 0 0 0 0 0 0 0 59 59 0 200 200 141 0 0 0 1030737 753318 0 3279 802547 1101464 121541771 16153 10272 8913318909 8913318909 0 0 0 0.000000 2070 24840 118674283 1563507373 20217 16607 0.677505 1200 4308554 59033137 708 1883516 25168709 12 95051 3735312 0 0 0
1690566911305577 100 0 42 58 100 100 0 0 0 0 0 0 0 58 58 0 200 200 142 0 0 0 1030739 754514 0 3324 802634 1101515 121928533 16192 10272 8941113683 8941113683 0 0 0 0.000000 1999 23988 114603813 1509949016 22932 17225 0.676748 1200 4308554 59033137 696 1851592 24745869 12 95051 3735312 0 0 0
1690566911342671 100 0 43 57 100 100 0 0 0 0 0 0 0 57 57 0 200 200 143 0 0 0 1030741 755600 0 3366 802686 1101557 121964364 16222 10272 8968682225 8968682225 0 0 0 0.000000 1971 23652 111703650 1488804826 15757 17083 0.676191 1200 4308554 59033137 684 1819668 24324326 12 95051 3735312 0 0 0
1690566911919659 100 0 44 56 100 100 0 0 0 0 0 0 0 56 56 0 200 200 144 0 0 0 1030742 756043 0 3386 802734 1101588 122540741 16252 10272 8997085857 8997085857 0 0 0 0.000000 2056 24672 116520905 1552973921 16450 17022 0.675781 1200 4308554 59033137 672 1787744 23901606 12 95051 3735312 0 0 0
1690566911964791 100 0 45 55 100 100 0 0 0 0 0 0 0 55 55 0 200 200 145 0 0 0 1030744 756402 0 3404 802792 1101614 122585344 16290 10272 9025542287 9025542287 0 0 0 0.000000 1980 23760 110912893 1495591384 25026 17804 0.675481 1200 4308554 59033137 660 1755820 23478183 12 95051 3735312 0 0 0
1690566911975633 100 0 46 54 100 100 0 0 0 0 0 0 0 54 54 0 200 200 146 0 0 0 1030745 756870 0 3423 802863 1101644 122595530 16316 10272 9053724351 9053724351 0 0 0 0.000000 1911 22932 107047746 1443475683 32671 19255 0.675259 1200 4308554 59033137 648 1723896 23291357 12 95051 3735312 0 0 0
1690566912129568 100 0 47 53 100 100 0 0 0 0 0 0 0 53 53 0 200 200 147 0 0 0 1030747 757224 0 3441 802947 1101684 122748908 16345 10272 9082343581 9082343581 0 0 0 0.000000 1906 22872 106767663 1439698929 23703 19690 0.675097 1200 4308554 59033137 636 1691972 22869636 12 95051 3735312 0 0 0
1690566912146539 100 0 48 52 100 100 0 0 0 0 0 0 0 52 52 0 200 200 148 0 0 0 1030749 757907 0 3479 803003 1101728 122765008 16385 10272 9110709104 9110709104 0 0 0 0.000000 1895 22740 104906504 1431321307 32121 20903 0.674977 1200 4308554 59033137 624 1660048 22447843 12 95051 3735312 0 0 0
1690566912290126 100 0 49 51 100 100 0 0 0 0 0 0 0 51 51 0 200 200 149 0 0 0 1030751 758840 0 3523 803098 1101782 122907435 16411 10272 9139224579 9139224579 0 0 0 0.000000 1821 21852 99613532 1375372982 24992 21303 0.674889 1200 4308554 59033137 612 1628124 22024929 12 95051 3735312 0 0 0
1690566912299385 100 0 50 50 100 100 0 0 0 0 0 0 0 50 50 0 200 200 150 0 0 0 1030755 760027 0 3546 803143 1101808 122915355 16445 10272 9167753637 9167753637 0 0 0 0.000000 1752 21024 95839049 1323232254 19914 21168 0.674825 1200 4308554 59033137 600 1596200 21601890 12 95051 3735312 0 0 0
1690566912494281 100 0 51 49 100 100 0 0 0 0 0 0 0 49 49 0 200 200 151 0 0 0 1030756 760348 0 3566 803185 1101834 123109791 16471 10272 9196477997 9196477997 0 0 0 0.000000 2911 34932 159239424 -2147483648 16028 20667 0.674777 1200 4308554 59033137 588 1564276 21180292 12 95051 3735312 0 0 0
1690566912497231 100 0 52 48 100 100 0 0 0 0 0 0 0 48 48 0 200 200 152 0 0 0 1030758 761011 0 3603 803231 1101863 123111915 16514 10272 9225185344 9225185344 0 0 0 0.000000 2983 35796 159335363 -2147483648 27780 21361 0.674742 1200 4308554 59033137 576 1532352 20757535 12 95051 3735312 0 0 0
1690566912526213 100 0 53 47 100 100 0 0 0 0 0 0 0 47 47 0 200 200 153 0 0 0 1030760 761403 0 3620 803273 1101900 123140338 16554 10272 9253942496 9253942496 0 0 0 0.000000 3028 36336 157838023 -2147483648 30347 22238 0.674717 1200 4308554 59033137 564 1500428 20334433 12 95051 3735312 0 0 0
1690566912533837 100 0 54 46 100 100 0 0 0 0 0 0 0 46 46 0 200 200 154 0 0 0 1030761 761792 0 3638 803353 1101925 123147393 16580 10272 9282708186 9282708186 0 0 0 0.000000 3072 36864 156174336 2023764512 33912 23377 0.674698 1200 4308554 59033137 552 1468504 19913030 12 95051 3735312 0 0 0
1690566912558248 100 0 55 45 100 100 0 0 0 0 0 0 0 45 45 0 200 200 155 0 0 0 1030761 762629 0 3664 803434 1101967 123170763 16606 10272 9311484204 9311484204 0 0 0 0.000000 3111 37332 154149479 2019457271 24777 23514 0.674684 1200 4308554 59033137 540 1436580 19490960 12 95051 3735312 0 0 0
1690566912916285 100 0 56 44 100 100 0 0 0 0 0 0 0 44 44 0 200 200 156 0 0 0 1030761 763121 0 3706 803490 1101998 123528129 16633 10272 9340629216 9340629216 0 0 0 0.000000 3149 37788 153963543 2044145395 21332 23302 0.674674 1200 4308554 59033137 528 1404656 19068968 12 95051 3735312 0 0 0
1690566913028119 100 0 57 43 100 100 0 0 0 0 0 0 0 43 43 0 200 200 157 0 0 0 1030776 763765 0 3729 803828 1102030 123638772 16666 10272 9369866014 9369866014 0 0 0 0.000000 3190 38280 155968150 2070670796 26862 23650 0.674666 1200 4308554 59033137 516 1372732 18645324 12 95051 3735312 0 0 0
1690566913067774 100 0 58 42 100 100 0 0 0 0 0 0 0 42 42 0 200 200 158 0 0 0 1030796 764265 0 3750 805811 1102203 123675590 16700 10272 9399416220 9399416220 0 0 0 0.000000 3224 38688 153477468 1874846404 20489 23342 0.561762 1200 4308554 59033142 504 1340808 18222921 12 95051 3735312 0 0 0
1690566913147118 100 0 59 41 100 100 0 0 0 0 0 0 0 41 41 0 200 200 159 0 0 0 1030810 764745 0 3772 807426 1102323 123752515 16784 10272 9428792793 9428792793 0 0 0 0.000000 3254 39048 152767796 1892333883 19531 22971 0.559088 1200 4308554 59033142 492 1308884 17801011 12 95051 3735312 0 0 0
1690566913286120 100 0 60 40 100 100 0 0 0 0 0 0 0 40 40 0 200 200 160 0 0 0 1030831 765250 0 3792 810615 1102496 123887425 16833 10272 9458305198 9458305198 0 0 0 0.000000 3286 39432 150036749 1879299479 30161 23673 0.556536 1200 4308554 59033145 480 1276960 17379130 12 95051 3735312 0 0 0
1690566913348115 100 0 61 39 100 100 0 0 0 0 0 0 0 39 39 0 200 200 161 0 0 0 1030843 766543 0 3835 814847 1102584 123943649 16885 10272 9488145020 9488145020 0 0 0 0.000000 3313 39756 149092979 1894723023 22914 23600 0.561914 1200 4308554 59033139 468 1245036 16956366 12 95051 3735312 0 0 0
1690566913405344 100 0 62 38 100 100 0 0 0 0 0 0 0 38 38 0 200 200 162 0 0 0 1030858 767006 0 3856 817549 1102654 123997450 16946 10272 9518042637 9518042637 0 0 0 0.000000 3333 39996 147812089 1906215278 15534 22814 0.566227 1200 4308554 59033142 456 1213112 16534726 12 95051 3735312 0 0 0
1690566913425913 100 0 63 37 100 100 0 0 0 0 0 0 0 37 37 0 200 200 163 0 0 0 1030870 769625 0 3876 819179 1102738 124013527 17010 10272 9547679535 9547679535 0 0 0 0.000000 3361 40332 149053834 1922225110 26623 23186 0.562553 1200 4308554 59033144 444 1181188 16111479 12 95051 3735312 0 0 0
1690566913523050 100 0 64 36 100 100 0 0 0 0 0 0 0 36 36 0 200 200 164 0 0 0 1030878 769962 0 3911 820364 1102800 124108964 17043 10272 9577414517 9577414517 0 0 0 0.000000 3393 40716 150472972 1940600245 32040 24050 0.570210 1200 4308554 59033144 432 1149264 15690217 12 95051 3735312 0 0 0
1690566913540458 100 0 65 35 100 100 0 0 0 0 0 0 0 35 35 0 200 200 165 0 0 0 1030884 770344 0 3944 821752 1102866 124124425 17085 10272 9607171753 9607171753 0 0 0 0.000000 3422 41064 149515421 1725835767 37879 25399 0.572447 1200 4308554 59033145 420 1117340 15266786 12 95051 3735312 0 0 0
1690566913677906 100 0 66 34 100 100 0 0 0 0 0 0 0 34 34 0 200 200 166 0 0 0 1030885 770752 0 3965 822255 1102953 124260741 17118 10272 9637072835 9637072835 0 0 0 0.000000 3452 41424 148558300 1741092004 38747 26701 0.599520 1200 4308554 59033145 408 1085416 14843459 12 95051 3735312 0 0 0
1690566913802265 100 0 67 33 100 100 0 0 0 0 0 0 0 33 33 0 200 200 167 0 0 0 1030894 771237 0 3999 823590 1103006 124383076 17185 10272 9667084947 9667084947 0 0 0 0.000000 3482 41784 149849363 1756332170 33673 27382 0.583739 1200 4308554 59033123 396 1053492 14420130 12 95051 3735304 0 0 0
1690566914061804 100 0 68 32 100 100 0 0 0 0 0 0 0 32 32 0 200 200 168 0 0 0 1030894 771593 0 4022 823637 1103036 124642101 17215 10272 9697638764 9697638764 0 0 0 0.000000 3512 42144 148837772 1534108615 31263 27762 0.607821 1200 4308554 59033123 384 1021568 13998833 12 95051 3735304 0 0 0
1690566914119567 100 0 69 31 100 100 0 0 0 0 0 0 0 31 31 0 200 200 169 0 0 0 1030895 772262 0 4058 823716 1103077 124698972 17264 10272 9727976894 9727976894 0 0 0 0.000000 3543 42516 150151545 1547567144 37768 28739 0.625523 1200 4308554 59033123 372 989644 13576177 12 95051 3735304 0 0 0
1690566914182809 100 0 70 30 100 100 0 0 0 0 0 0 0 30 30 0 200 200 170 0 0 0 1030898 772975 0 4078 823797 1103102 124761299 17308 10272 9758372203 9758372203 0 0 0 0.000000 3564 42768 148700045 1556663118 23071 28187 0.638536 1200 4308554 59033123 360 957720 13153944 12 95051 3735304 0 0 0
1690566914576019 100 0 71 29 100 100 0 0 0 0 0 0 0 29 29 0 200 200 171 0 0 0 1030899 773311 0 4099 823986 1103145 125153813 17361 10272 9789160860 9789160860 0 0 0 0.000000 3583 42996 149492778 1564928118 20291 27418 0.648102 1200 4308554 59033123 348 925796 12732100 12 95051 3735304 0 0 0
1690566914740950 100 0 72 28 100 100 0 0 0 0 0 0 0 28 28 0 200 200 172 0 0 0 1030904 773836 0 4119 824533 1103208 125317464 17431 10272 9820390971 9820390971 0 0 0 0.000000 3611 43332 146008943 1542356113 37275 28380 0.595190 1200 4308554 59033126 336 893872 12309687 12 95051 3735304 0 0 0
1690566914783546 100 0 73 27 100 100 0 0 0 0 0 0 0 27 27 0 200 200 173 0 0 0 1030905 774504 0 4157 824575 1103235 125359245 17464 10272 9851389910 9851389910 0 0 0 0.000000 3798 45576 151074984 1622206721 31514 28686 0.616238 1200 4308554 59033126 324 861948 11886138 12 95051 3735304 0 0 0
1690566914804075 100 0 74 26 100 100 0 0 0 0 0 0 0 26 26 0 200 200 174 0 0 0 1030906 774854 0 4177 824616 1103275 125379260 17492 10272 9882401227 9882401227 0 0 0 0.000000 3950 47400 154526096 1687133190 30097 28824 0.631711 1200 4308554 59033126 312 830024 11462581 12 95051 3735304 0 0 0
1690566914844692 100 0 75 25 100 100 0 0 0 0 0 0 0 25 25 0 200 200 175 0 0 0 1030908 775494 0 4197 824691 1103302 125419037 17542 10272 9913468009 9913468009 0 0 0 0.000000 3979 47748 153046470 1699603134 38428 29762 0.643085 1200 4308554 59033126 300 798100 11039032 12 95051 3735304 0 0 0
1690566914858980 100 0 76 24 100 100 0 0 0 0 0 0 0 24 24 0 200 200 176 0 0 0 1030910 775856 0 4214 824731 1103327 125432810 17572 10272 9944549003 9944549003 0 0 0 0.000000 4005 48060 151417281 1710902980 27300 29523 0.651445 1200 4308554 59033126 288 766176 10617354 12 95051 3735304 0 0 0
1690566915142283 100 0 77 23 100 100 0 0 0 0 0 0 0 23 23 0 200 200 177 0 0 0 1030913 776296 0 4232 824771 1103385 125715482 17618 10272 9975918961 9975918961 0 0 0 0.000000 4032 48384 149791104 1722466698 36395 30194 0.657591 1200 4308554 59033126 276 734252 10195278 12 95051 3735304 0 0 0
1690566915149147 100 0 78 22 100 100 0 0 0 0 0 0 0 22 22 0 200 200 178 0 0 0 1030915 776713 0 4254 824845 1103423 125721726 17647 10272 10007279961 10007279961 0 0 0 0.000000 4061 48732 148202466 1735042443 33695 30537 0.662109 1200 4308554 59033126 264 702328 9772936 12 95051 3735304 0 0 0
1690566915266633 100 0 79 21 100 100 0 0 0 0 0 0 0 21 21 0 200 200 179 0 0 0 1030917 777078 0 4273 824898 1103449 125838685 17681 10272 10038764987 10038764987 0 0 0 0.000000 4090 49080 143991622 1708121975 35801 31051 0.665430 1200 4308554 59033126 252 670404 9350203 12 95051 3735304 0 0 0
1690566915293937 100 0 80 20 100 100 0 0 0 0 0 0 0 20 20 0 200 200 180 0 0 0 1030918 777427 0 4291 824974 1103489 125865446 17711 10272 10070284445 10070284445 0 0 0 0.000000 4116 49392 142202844 1718980620 28365 30790 0.667871 1200 4308554 59033126 240 638480 8927006 12 95051 3735304 0 0 0
1690566915306479 100 0 81 19 100 100 0 0 0 0 0 0 0 19 19 0 200 200 181 0 0 0 1030920 777878 0 4313 825050 1103517 125877338 17741 10272 10101816011 10101816011 0 0 0 0.000000 4145 49740 140492492 1731218380 36313 31330 0.669666 1200 4308554 59033126 228 606556 8503745 12 95051 3735304 0 0 0
1690566915324649 100 0 82 18 100 100 0 0 0 0 0 0 0 18 18 0 200 200 182 0 0 0 1030922 778314 0 4332 825126 1103543 125894873 17785 10272 10133365079 10133365079 0 0 0 0.000000 4175 50100 138768480 1744030248 32012 31398 0.670985 1200 4308554 59033126 216 574632 8080714 12 95051 3735304 0 0 0
1690566915337828 100 0 83 17 100 100 0 0 0 0 0 0 0 17 17 0 200 200 183 0 0 0 1030922 779036 0 4354 825204 1103587 125907116 17829 10272 10165193132 10165193132 0 0 0 0.000000 4201 50412 136872696 1754870442 32392 31496 0.671955 1200 4308554 59033126 204 542708 7657625 12 95051 3735304 0 0 0
1690566915383843 100 0 84 16 100 100 0 0 0 0 0 0 0 16 16 0 200 200 184 0 0 0 1030923 779700 0 4394 825250 1103614 125952306 17863 10272 10196803980 10196803980 0 0 0 0.000000 24473 293676 781276052 -2147483648 21786 30550 0.672668 1200 4308554 59033126 192 510784 7235832 12 95051 3735304 0 0 0
1690566915387375 100 0 85 15 100 100 0 0 0 0 0 0 0 15 15 0 200 200 185 0 0 0 1030924 780301 0 4416 825298 1103640 125955042 17936 10272 10228415827 10228415827 0 0 0 0.000000 24673 296076 787660852 -2147483648 26520 30158 0.673191 1200 4308554 59033126 180 478860 6813201 12 95051 3735304 0 0 0
1690566915395386 100 0 86 14 100 100 0 0 0 0 0 0 0 14 14 0 200 200 186 0 0 0 1030925 780774 0 4436 825376 1103679 125962356 17994 10272 10260019846 10260019846 0 0 0 0.000000 25003 300036 798195772 -2147483648 24022 29561 0.673577 1200 4308554 59033126 168 446936 6391767 12 95051 3735304 0 0 0
1690566915442842 100 0 87 13 100 100 0 0 0 0 0 0 0 13 13 0 200 200 187 0 0 0 1030927 781235 0 4456 825423 1103720 126009168 18029 10272 10291678595 10291678595 0 0 0 0.000000 25753 309036 822138772 -2147483648 30924 29695 0.673860 1200 4308554 59033126 156 415012 5969274 12 95051 3735304 0 0 0
1690566915540581 100 0 88 12 100 100 0 0 0 0 0 0 0 12 12 0 200 200 188 0 0 0 1030928 781621 0 4477 825470 1103762 126106326 18085 10272 10323450446 10323450446 0 0 0 0.000000 26208 314496 836664192 -2147483648 33290 30046 0.674068 1200 4308554 59033126 144 383088 5547134 12 95051 3735304 0 0 0
1690566915589415 100 0 89 11 100 100 0 0 0 0 0 0 0 11 11 0 200 200 189 0 0 0 1030929 782067 0 4498 825518 1103787 126154523 18118 10272 10355269335 10355269335 0 0 0 0.000000 26406 316872 842985144 -2147483648 28650 29911 0.674221 1200 4308554 59033126 132 351164 5124175 12 95051 3735304 0 0 0
1690566915595047 100 0 90 10 100 100 0 0 0 0 0 0 0 10 10 0 200 200 190 0 0 0 1030931 782541 0 4517 825596 1103824 126159453 18183 10272 10387078804 10387078804 0 0 0 0.000000 26656 319872 850966144 -2147483648 31819 30098 0.674333 1200 4308554 59033126 120 319240 4702444 12 95051 3735304 0 0 0
1690566915609336 100 0 91 9 100 100 0 0 0 0 0 0 0 9 9 0 200 200 191 0 0 0 1030933 782890 0 4538 825643 1103853 126173186 18265 10272 10418896614 10418896614 0 0 0 0.000000 26833 321996 856616692 -2147483648 32002 30285 0.674416 1200 4308554 59033126 108 287316 4279322 12 95051 3735304 0 0 0
1690566915639714 100 0 92 8 100 100 0 0 0 0 0 0 0 8 8 0 200 200 192 0 0 0 1030936 783248 0 4560 825688 1103878 126202996 18341 10272 10451021714 10451021714 0 0 0 0.000000 27396 328752 874589904 -2147483648 40740 31305 0.674477 1200 4308554 59033126 96 255392 3855703 12 95051 3735304 0 0 0
1690566915640794 100 0 93 7 100 100 0 0 0 0 0 0 0 7 7 0 200 200 193 0 0 0 1030938 783654 0 4579 825733 1103919 126203482 18396 10272 10482885625 10482885625 0 0 0 0.000000 27893 334716 890456132 -2147483648 36589 31821 0.674522 1200 4308554 59033126 84 223468 3433397 12 95051 3735304 0 0 0
1690566915645541 100 0 94 6 100 100 0 0 0 0 0 0 0 6 6 0 200 200 194 0 0 0 1030939 784000 0 4599 825835 1103958 126207621 18466 10272 10514753956 10514753956 0 0 0 0.000000 27974 335688 893041976 -2147483648 28837 31531 0.674554 1200 4308554 59033126 72 191544 3009907 12 95051 3735304 0 0 0
1690566915692631 100 0 95 5 100 100 0 0 0 0 0 0 0 5 5 0 200 200 195 0 0 0 1030942 784464 0 4620 825889 1103993 126254050 18522 10272 10546932301 10546932301 0 0 0 0.000000 27914 334968 891126536 -2147483648 28763 31262 0.674579 1200 4308554 59033126 60 159620 2586814 12 95051 3735304 0 0 0
1690566915905206 100 0 96 4 100 100 0 0 0 0 0 0 0 4 4 0 200 200 196 0 0 0 1030945 784840 0 4638 825971 1104017 126466051 18556 10272 10579058693 10579058693 0 0 0 0.000000 28160 337920 898979840 -2147483648 37244 31847 0.674596 1200 4308554 59033126 48 127696 2165395 12 95051 3735304 0 0 0
1690566915924923 100 0 97 3 100 100 0 0 0 0 0 0 0 3 3 0 200 200 197 0 0 0 1030948 785271 0 4657 826013 1104042 126485166 18612 10272 10611206278 10611206278 0 0 0 0.000000 28218 338616 900831432 -2147483648 35382 32192 0.674609 1200 4308554 59033126 36 95772 1741840 12 95051 3735304 0 0 0
1690566915989680 100 0 98 2 100 100 0 0 0 0 0 0 0 2 2 0 200 200 198 0 0 0 1030951 785617 0 4675 826087 1104067 126549385 18654 10272 10643420066 10643420066 0 0 0 0.000000 28407 340884 906865068 -2147483648 35173 32484 0.674619 1200 4308554 59033126 24 63848 1319985 12 95051 3735304 0 0 0
1690566916077030 100 0 99 1 100 100 0 0 0 0 0 0 0 1 1 0 200 200 199 0 0 0 1030954 786029 0 4693 826129 1104099 126636162 18694 10272 10675988168 10675988168 0 0 0 0.000000 28753 345036 917910772 -2147483648 34789 32710 0.674626 1200 4308554 59033126 12 31924 422960 12 95051 3735304 0 0 0
1690566916308167 100 0 100 0 100 100 0 0 0 0 0 0 0 0 0 0 200 200 200 0 0 0 1030956 786522 0 4711 826173 1104124 126866625 18759 10272 10708517156 10708517156 0 0 0 0.000000 29250 351000 933777000 -2147483648 31682 32611 0.674631 1200 4308554 59033126 0 0 0 12 95051 3735304 0 0 0
1690566916325468 0 0 0 0 0 100 100 100 0 0 0 0 0 0 0 0 200 200 200 0 0 0 1030956 786522 0 4711 826173 1104124 126866625 18759 10272 10708517156 10708517156 0 0 0 0.000000 29414 352968 939012536 -2147483648 37134 32838 0.674631 0 0 0 0 0 0 0 0 0 0 0 0
